"","non","C","A","G","X","X1","X2","X3","node"
"59",0,1.04875713424037e-05,1.19386656839704e-08,0.999989500485855,9.27971123783802e-13,1.98565182777967e-14,3.18887631733135e-12,2.72055518811761e-28,59
"60",0,2.0975148187407e-05,2.38773298065135e-08,0.999979000974216,2.67217110499025e-13,1.12160316862153e-20,8.88737095499929e-18,1.22913827146112e-37,60
"61",0,0.000121939969573881,1.38811935074806e-07,0.999877921218404,8.70816725124982e-14,3.501949927673e-21,3.07350584526235e-18,6.06833388438183e-41,61
"62",0,0.00109393760501787,1.24529801192863e-06,0.9989048170969,7.01786205349167e-14,2.66260141899805e-21,2.33873727830873e-18,3.98194749109665e-42,62
"63",0,0.0104514474050019,1.18975400978479e-05,0.98953665505485,5.03680725076639e-14,2.54763199009743e-20,2.23794032147856e-17,3.7159926134683e-43,63
"64",0,0.100537062343107,0.000114447657691552,0.899348489999174,2.71500263864389e-14,1.73899707262866e-20,1.53630602792374e-17,2.50149923901197e-46,64
"65",0,0.000967701455129976,3.74997220521182e-16,0.99903229854487,4.22744721934314e-17,1.24348300113531e-22,3.58113363883739e-18,1.13169603356956e-43,65
"66",0,0.00197119375973657,2.18983864929032e-16,0.998028806240263,5.47783063008874e-17,1.48066630090082e-22,4.41462280160019e-17,1.18630709265646e-43,66
"67",0,0.0116319062980586,3.49073326074214e-16,0.98836809370194,1.51050534351095e-16,2.46109756242642e-22,4.25359141870914e-16,3.51877428278106e-43,67
"68",0,0.10463647161323,9.36419409489664e-16,0.895363528386764,8.112917587073e-16,3.03432677287892e-21,3.31707589044836e-15,2.24654967855742e-42,68
"69",0,0.95948777533309,0.00110083128361671,0.0394113933832927,1.58824786230761e-16,1.68154615474279e-19,1.0078883781238e-17,8.392146185334e-47,69
"70",0,0.956210723625946,2.34606715993209e-16,0.0437892763740536,1.86533175114296e-17,1.68201260319043e-23,9.3229533790011e-17,1.55557356917456e-45,70
"71",0,0.965296427080499,6.42166804773584e-16,0.0347035729194996,3.87381597406295e-16,2.9578059760169e-22,2.37845223273837e-16,4.65966522685939e-43,71
"72",0,0.874462884611591,1.5150621880008e-15,0.125537115388401,4.61982617838603e-15,5.48709157105049e-21,1.27611417913846e-15,7.37848247961889e-42,72
"73",0,0.947370954911555,4.23174126235093e-16,0.0526290450884444,1.56162488752511e-16,4.25996700923795e-23,2.29588447650794e-16,2.64719375815977e-44,73
"74",0,0.861482791121667,1.77076941369063e-15,0.138517208878327,3.33739334591007e-15,4.29517875806197e-21,1.01056525611815e-15,4.61232516557626e-42,74
"75",0,0.965370469930044,3.9785355012096e-16,0.0346295300699551,4.97020367183027e-16,3.07303008069163e-22,2.58355818698639e-16,4.634252925656e-43,75
"76",0,0.874529961614868,8.99362316282978e-16,0.125470038385127,3.04677351928732e-15,2.78925803932406e-21,9.1896236513872e-16,1.94808645613584e-42,76
"77",0,0.997174151550446,0.00256695467728296,0.000258893772271361,3.41157379408093e-20,2.89632740930366e-20,7.82139614353124e-18,1.12505401283094e-50,77
"78",0,0.986374489501769,0.0131725689353203,0.000452941562911078,3.29477366410906e-21,1.55556067805688e-18,1.66015791391283e-17,1.90039050420983e-49,78
"79",0,0.886110397417367,0.113889602582631,2.27282847588861e-15,4.47514958056784e-23,2.82111124161339e-17,7.97453856463143e-17,6.35524168396701e-46,79
"80",0,0.990291540916154,0.00970845908384524,4.72546154459974e-16,2.86139305330863e-22,4.03269206712858e-17,4.68959169487539e-17,1.4985884557176e-43,80
"81",0,0.980705722897696,0.0192942771023028,3.89595292303514e-16,4.2685932166335e-22,6.43126601648842e-16,2.53998194778022e-16,8.98286097448335e-43,81
"82",0,0.888422180217272,0.111577819782722,9.33594279330489e-16,3.25439761493968e-21,3.54093454022247e-15,9.66179641679414e-16,2.62835650061252e-42,82
"83",0,0.998389615688514,0.000137307192986735,0.00147307711849958,9.51629091561712e-19,2.26181265253873e-19,1.05641836460512e-17,3.79491402525653e-47,83
"84",0,0.98885621463317,5.50733496966974e-16,0.011143785366829,4.82642170228647e-16,3.57066836346433e-22,1.28893393519767e-16,6.43484390720773e-43,84
"85",0,0.895805717048487,1.28053275299475e-15,0.104194282951505,5.0152916398731e-15,5.32666931772709e-21,1.14766993323579e-15,6.83247539092501e-42,85
"86",0,0.9993067439756,0.000693256024400249,2.249276737613e-16,9.16702188211459e-24,7.75247344853484e-18,1.11643539542056e-18,2.91906441884859e-46,86
"87",0,0.993970496758449,0.0060295032415505,1.63428868829901e-16,2.53370376837285e-24,3.85087341430621e-18,6.44709987331718e-18,3.76649346276645e-47,87
"88",0,0.999999999999999,4.09129039201265e-16,2.96862221860992e-16,3.1052806806276e-22,3.09309027570547e-22,2.61617584808646e-30,1.96858345939205e-43,88
"89",0,0.942597953359576,0.0574020466404206,8.150712615683e-16,4.9178872098851e-22,2.12290718820523e-15,1.14742338674082e-16,2.04686306235842e-43,89
"90",0,0.448029773435187,0.55197022656481,1.47905890908644e-15,8.18955188320771e-22,1.71252091528137e-15,3.57174638591298e-16,7.689447785389e-43,90
"91",0,0.499969674838424,0.500030325161571,8.30445961375206e-16,2.53351290183621e-21,3.12786254508184e-15,1.77751650916396e-15,2.14736852622641e-42,91
"92",0,0.999999243420956,1.71965543889524e-07,5.84613500397867e-07,1.34442526070983e-23,7.26841802426615e-24,1.21967129269852e-21,9.37257748603988e-53,92
"93",0,0.999999999999999,4.1031284649928e-16,4.47934697450286e-16,1.84648502725243e-22,1.86458284831285e-22,1.68852925652122e-30,7.12552624914443e-44,93
"94",0,0.999995847234429,1.30128469607677e-06,2.85148087496549e-06,7.08599029021515e-23,5.6333714648384e-23,4.62813346502842e-21,6.34138218814862e-53,94
"95",0,0.99998774603169,2.19284648289261e-16,1.22539683095813e-05,9.66188928493846e-20,1.70005251327628e-23,3.37548920156368e-20,6.08034155713779e-46,95
"96",0,0.999883420964346,1.82524744619353e-16,0.000116579035653843,3.91634875768203e-18,8.42543593763268e-23,1.18735068925011e-18,1.68429270449895e-44,96
"97",0,0.998879073792578,1.73526930304392e-16,0.00112092620742219,3.82704057534041e-17,1.04733717684859e-22,1.11378317286683e-17,4.26736273477357e-44,97
"98",0,0.989210130828814,3.04303076714491e-16,0.0107898691711849,3.47713187364356e-16,2.0483646782521e-22,9.1022790205325e-17,2.09943311866778e-43,98
"99",0,0.896126330529387,7.72320869567716e-16,0.103873669470608,3.09199562317765e-15,2.56673138608497e-21,7.12223312478954e-16,1.58876438061849e-42,99
"100",0,0.999975417365758,1.21723597245482e-05,1.24102745172771e-05,3.73761178155864e-22,1.5567138981082e-21,2.09032586480174e-20,3.71104994158399e-51,100
"101",0,0.99988340893064,2.05472480869712e-16,0.000116591069360031,2.57482791754286e-18,4.96677584886793e-23,7.76902922548761e-19,6.01546064494529e-45,101
"102",0,0.998879061761123,2.04555523864067e-16,0.00112093823887669,3.72541895507709e-17,1.23336146519032e-22,1.05345617165794e-17,5.5236238920341e-44,102
"103",0,0.989210118933375,3.39889119998092e-16,0.0107898810666237,4.45715677896556e-16,2.16396923443715e-22,1.14213340452406e-16,3.02062133064571e-43,103
"104",0,0.896126319753299,1.00924288231033e-15,0.103873680246696,2.91302923921668e-15,2.76429932707968e-21,6.98924543500273e-16,1.8584426065812e-42,104
"105",0,0.99988189060354,0.000116736376628308,1.37301983164068e-06,3.6749689393443e-22,4.18677664740949e-20,2.0329230419908e-19,4.47028839740264e-49,105
"106",0,0.998879152131476,0.00112084786852337,2.57642502829186e-16,6.88400462630176e-23,1.98938184061637e-17,5.47478553061869e-18,1.78577051280678e-44,106
"107",0,0.9892102086346,0.0107897913653987,4.41395038754113e-16,2.52158894725449e-22,5.31720708235343e-16,1.30859380924496e-16,4.77125452207168e-43,107
"108",0,0.896126400771032,0.103873599228962,1.41338892897852e-15,3.78136601188262e-21,3.36725552077628e-15,8.10421360336552e-16,3.47985907396256e-42,108
"109",0,0.999984640355731,2.2686187757869e-06,1.30910254937076e-05,3.0545981106488e-19,5.25505036460592e-20,1.12820788620717e-19,3.85309453951901e-45,109
"110",0,0.999852425365396,2.16733443563009e-05,0.000125901290247481,3.43142198732153e-18,5.90252856651831e-19,1.18935020393999e-18,1.063774098874e-44,110
"111",0,0.99857957935037,0.000208484450916854,0.00121193619871344,3.73965071646773e-17,6.43260179762986e-18,1.14969832613339e-17,5.24900937053323e-46,111
"112",0,0.986325773755724,0.0020069320295333,0.0116672942147431,1.31643750386841e-19,7.83840764384469e-19,1.5552672726971e-17,1.55604323887983e-48,112
"113",0,0.895331462921693,1.0596347341544e-15,0.104668537078301,3.97061717023402e-15,3.68577898642531e-21,8.65754889100341e-16,3.24169013563368e-42,113
"114",0,0.98833270032381,0.0116672996761896,6.67730322398174e-16,3.04076108589582e-24,1.72114697680391e-17,7.08405821125877e-18,1.81069171640831e-46,114
"115",0,0.895331465495699,0.104668534504298,1.66791631818857e-15,1.48872389113658e-21,1.27872004284506e-15,2.82031784602087e-16,5.30255008310335e-43,115
