13310puequi 0.029247 0.000010 0.043132 0.222505 0.311329 0.393777
13318uniqui 0.012523 0.000010 0.071445 0.103203 0.622260 0.190558
17996indbel 0.000010 0.000010 0.999950 0.000010 0.000010 0.000010
17997indbel 0.000010 0.000010 0.999950 0.000010 0.000010 0.000010
17998indbel 0.000010 0.000010 0.999950 0.000010 0.000010 0.000010
17999indbel 0.000010 0.000010 0.999950 0.000010 0.000010 0.000010
18000indbel 0.000010 0.000010 0.999950 0.000010 0.000010 0.000010
18151nigbel 0.006074 0.000010 0.040752 0.617969 0.155164 0.180031
18152puebel 0.021425 0.000010 0.132575 0.197013 0.174234 0.474743
18153nigbel 0.004307 0.000010 0.035545 0.629078 0.163465 0.167595
18154puebel 0.025168 0.000010 0.134046 0.184853 0.198381 0.457541
18155nigbel 0.001827 0.000960 0.054273 0.565017 0.278703 0.099221
18156nigbel 0.000010 0.000660 0.076686 0.518413 0.378592 0.025638
18157nigbel 0.011640 0.000010 0.043607 0.619980 0.165587 0.159177
18158nigbel 0.005477 0.000010 0.047422 0.614334 0.171982 0.160775
18159nigbel 0.000011 0.000010 0.069581 0.574269 0.263109 0.093021
18160gutbel 0.235303 0.000010 0.050713 0.043390 0.550722 0.119862
18161puebel 0.030130 0.000010 0.059270 0.251204 0.227020 0.432366
18162nigbel 0.001725 0.000010 0.035563 0.643047 0.156519 0.163136
18163unibel 0.023405 0.000010 0.039828 0.185842 0.356979 0.393935
18165nigbel 0.009803 0.000010 0.040207 0.612260 0.173761 0.163959
18166puebel 0.010014 0.000010 0.139325 0.192319 0.203691 0.454642
18169puebel 0.030504 0.000010 0.110087 0.206120 0.163833 0.489446
18171nigbel 0.000930 0.000093 0.045930 0.630574 0.178811 0.143661
18172puebel 0.023514 0.000933 0.160484 0.191183 0.193016 0.430870
18174puebel 0.031239 0.000010 0.106185 0.194598 0.160830 0.507139
18175puebel 0.026585 0.000010 0.141264 0.195760 0.181577 0.454803
18176puebel 0.030455 0.000010 0.089789 0.224743 0.193177 0.461825
18178puebel 0.022650 0.000010 0.147902 0.188785 0.169793 0.470859
18179puebel 0.019083 0.000010 0.116096 0.190662 0.203644 0.470505
18180puebel 0.025263 0.000010 0.088124 0.194023 0.237336 0.455245
18185nigbel 0.004268 0.001328 0.059933 0.553141 0.271205 0.110125
18187nigbel 0.005552 0.000010 0.037954 0.613142 0.174932 0.168410
18195indbel 0.000010 0.000010 0.999950 0.000010 0.000010 0.000010
18222indbel 0.000010 0.000010 0.999950 0.000010 0.000010 0.000010
18225indbel 0.000010 0.000010 0.999950 0.000010 0.000010 0.000010
18226indbel 0.000010 0.000010 0.999950 0.000010 0.000010 0.000010
18227indbel 0.000010 0.000010 0.999950 0.000010 0.000010 0.000010
18261unibel 0.017911 0.000010 0.066358 0.139375 0.467817 0.308528
18263abebel 0.038176 0.000010 0.081961 0.197663 0.183925 0.498264
18267unibel 0.023298 0.000010 0.069601 0.249916 0.281795 0.375379
18274unibel 0.011329 0.000010 0.120810 0.203968 0.190422 0.473461
18276unibel 0.012696 0.000010 0.117058 0.205275 0.193389 0.471572
18418nigboc 0.000010 0.000010 0.000010 0.999950 0.000010 0.000010
18419pueboc 0.036656 0.000010 0.024325 0.356439 0.113592 0.468977
18420uniboc 0.017496 0.000010 0.003196 0.193128 0.322234 0.463937
18421pueboc 0.025574 0.000010 0.027846 0.370208 0.143434 0.432929
18422pueboc 0.032714 0.000010 0.026009 0.353318 0.128992 0.458957
18424nigboc 0.000010 0.000010 0.000010 0.999950 0.000010 0.000010
18426pueboc 0.035473 0.000010 0.021914 0.348551 0.129756 0.464296
18427pueboc 0.029683 0.000010 0.025341 0.338460 0.147936 0.458570
18428nigboc 0.000010 0.000010 0.000010 0.999950 0.000010 0.000010
18429pueboc 0.034799 0.000010 0.029678 0.354762 0.122052 0.458699
18430pueboc 0.028739 0.000010 0.032667 0.335087 0.168844 0.434653
18432pueboc 0.037024 0.000010 0.029747 0.376425 0.084179 0.472615
18434pueboc 0.036350 0.000260 0.034182 0.358090 0.112155 0.458962
18435uniboc 0.008421 0.000010 0.002785 0.217381 0.314790 0.456613
18439uniboc 0.013048 0.000010 0.006644 0.209824 0.314775 0.455699
18440uniboc 0.001807 0.000010 0.009506 0.203795 0.343023 0.441860
18441uniboc 0.010673 0.000010 0.005312 0.199213 0.320847 0.463945
18442uniboc 0.009824 0.000010 0.000010 0.200282 0.319550 0.470325
18445uniboc 0.012766 0.000010 0.010421 0.194659 0.340358 0.441786
18446uniboc 0.014901 0.000010 0.010648 0.201800 0.333214 0.439426
18447uniboc 0.017248 0.000010 0.007699 0.204576 0.305714 0.464753
18448uniboc 0.009294 0.000010 0.000010 0.212766 0.308800 0.469121
18449gumboc 0.832687 0.000010 0.000010 0.000010 0.167273 0.000010
18450uniboc 0.005992 0.000010 0.008944 0.212621 0.317909 0.454524
18452abeboc 0.110823 0.000010 0.008405 0.181020 0.346424 0.353317
18454uniboc 0.017452 0.000010 0.002170 0.204830 0.332372 0.443166
18471abeboc 0.125107 0.000010 0.001499 0.183108 0.358941 0.331334
18492abebel 0.027816 0.000010 0.080610 0.211993 0.177872 0.501700
18493abebel 0.037522 0.000010 0.079478 0.190673 0.195011 0.497306
18901nigboc 0.000010 0.000010 0.000010 0.999950 0.000010 0.000010
18902nigboc 0.000010 0.000010 0.000010 0.999950 0.000010 0.000010
18903nigboc 0.000010 0.000010 0.000010 0.999950 0.000010 0.000010
18904nigboc 0.000010 0.000010 0.000010 0.999950 0.000010 0.000010
18905nigboc 0.000010 0.000010 0.000010 0.999950 0.000010 0.000010
18906nigboc 0.000010 0.000010 0.000979 0.998981 0.000010 0.000010
18907nigboc 0.000010 0.000010 0.000010 0.999950 0.000010 0.000010
18909nigboc 0.000010 0.000010 0.000010 0.999950 0.000010 0.000010
18912pueboc 0.035367 0.000010 0.026476 0.353826 0.121366 0.462955
18915pueboc 0.029026 0.000010 0.026642 0.361197 0.102971 0.480154
18917pueboc 0.030511 0.000010 0.032286 0.375429 0.083162 0.478602
18935affboc 0.021147 0.000010 0.004051 0.515471 0.157645 0.301677
18936affboc 0.024154 0.000010 0.000010 0.516203 0.096455 0.363168
18949abegun 0.032854 0.000010 0.014232 0.315296 0.165078 0.472530
18986affboc 0.025628 0.000010 0.012747 0.478589 0.160431 0.322595
19076gutbar 0.223869 0.000010 0.002667 0.000010 0.773434 0.000010
19077tanbar 0.000010 0.000010 0.000010 0.000010 0.999950 0.000010
19079tanbar 0.000010 0.000010 0.000010 0.000010 0.999950 0.000010
19080gutbar 0.200882 0.000010 0.000538 0.000010 0.798550 0.000010
19104puegun 0.030683 0.000010 0.017867 0.264786 0.263866 0.422787
19105niggun 0.023152 0.000488 0.053044 0.353184 0.222496 0.347636
19106puegun 0.021546 0.000010 0.028958 0.288533 0.269545 0.391408
19108puegun 0.034981 0.000010 0.031255 0.271412 0.228350 0.433992
19124indgun 0.000010 0.000010 0.895330 0.028088 0.000010 0.076552
19131niggun 0.028114 0.000010 0.034623 0.311362 0.207459 0.418432
19150niggun 0.004678 0.000010 0.055054 0.490731 0.230839 0.218687
19162indgun 0.000010 0.000010 0.979288 0.000010 0.020672 0.000010
19174affgun 0.035610 0.000010 0.000010 0.257018 0.206612 0.500741
19190indgun 0.000010 0.000010 0.894588 0.016371 0.000010 0.089011
19235gutgun 0.319958 0.000010 0.042286 0.017244 0.576639 0.043863
19294affgun 0.037952 0.000010 0.000010 0.271968 0.166318 0.523742
19416chlbar 0.000010 0.000044 0.004530 0.000010 0.995396 0.000010
19425chlbar 0.019923 0.000011 0.000014 0.000010 0.980032 0.000010
19426puebar 0.000012 0.002861 0.009438 0.000010 0.987669 0.000010
19427puebar 0.000012 0.001416 0.011776 0.000015 0.986771 0.000010
19428puebar 0.000010 0.000656 0.003542 0.000010 0.995772 0.000010
19435chlbar 0.063296 0.000010 0.000010 0.000010 0.936664 0.000010
19437tanbar 0.000010 0.000010 0.001016 0.000010 0.998944 0.000010
19519affgun 0.028529 0.000010 0.019501 0.282129 0.223058 0.446772
19546abegun 0.025698 0.000010 0.014832 0.300113 0.200394 0.458953
19708abegun 0.035036 0.000010 0.019874 0.301670 0.167507 0.475903
19881unibel 0.018707 0.000010 0.065352 0.158983 0.454509 0.302440
20068gutbel 0.301723 0.000010 0.048996 0.026382 0.568824 0.054065
20069gutbel 0.214441 0.000010 0.072800 0.051298 0.523404 0.138047
20092unibel 0.018187 0.000010 0.048320 0.175307 0.389803 0.368374
20120unibel 0.024255 0.000010 0.075864 0.151230 0.446250 0.302390
20126unibel 0.023497 0.000010 0.074151 0.155181 0.433307 0.313854
20128unibel 0.027649 0.000010 0.082217 0.139087 0.430693 0.320344
20135unibel 0.025075 0.000111 0.065098 0.161826 0.444537 0.303353
20149unibel 0.019274 0.000010 0.039599 0.177462 0.362371 0.401284
20418gumhon 0.999943 0.000017 0.000010 0.000010 0.000010 0.000010
20419gumhon 0.999950 0.000010 0.000010 0.000010 0.000010 0.000010
20420gumhon 0.999950 0.000010 0.000010 0.000010 0.000010 0.000010
20421ranhon 0.060710 0.000010 0.000010 0.210158 0.243265 0.485847
20425abehon 0.105754 0.000010 0.000010 0.271057 0.252143 0.371026
20426gumhon 0.999950 0.000010 0.000010 0.000010 0.000010 0.000010
20427gumhon 0.999950 0.000010 0.000010 0.000010 0.000010 0.000010
20428gumhon 0.999950 0.000010 0.000010 0.000010 0.000010 0.000010
20429ranhon 0.065052 0.000010 0.000010 0.211375 0.241559 0.481994
20430ranhon 0.063241 0.000010 0.000010 0.203557 0.256325 0.476857
20433abehon 0.085602 0.000010 0.000010 0.252412 0.283754 0.378212
20435chlhon 0.096326 0.000010 0.006827 0.298531 0.243281 0.355024
20551puehon 0.031407 0.001591 0.011107 0.233890 0.328351 0.393654
20552puehon 0.036498 0.000010 0.004368 0.267534 0.338644 0.352946
20553puehon 0.040117 0.000672 0.012393 0.272501 0.323824 0.350494
20554puehon 0.038096 0.000010 0.010440 0.236627 0.323912 0.390916
20555puehon 0.041810 0.000070 0.015636 0.262669 0.308394 0.371421
20556puehon 0.035850 0.000010 0.018984 0.273667 0.320027 0.351463
20558puehon 0.037785 0.000010 0.009771 0.230168 0.331831 0.390436
20559puehon 0.045285 0.000010 0.007595 0.263541 0.303013 0.380557
20560unihon 0.029476 0.000010 0.009890 0.206357 0.293372 0.460894
20561unihon 0.034309 0.000010 0.011776 0.205129 0.309200 0.439576
20562unihon 0.035267 0.000010 0.028993 0.212130 0.301470 0.422131
20563unihon 0.032105 0.000010 0.015267 0.209390 0.304523 0.438704
20564unihon 0.030389 0.000010 0.017495 0.216169 0.304889 0.431047
20565unihon 0.041941 0.000010 0.015191 0.217261 0.310955 0.414642
20566unihon 0.032933 0.000513 0.011909 0.214540 0.300163 0.439942
20567unihon 0.031821 0.000010 0.011663 0.212607 0.302150 0.441749
20568unihon 0.037091 0.000010 0.016525 0.209868 0.299569 0.436936
20571unihon 0.034618 0.000010 0.008615 0.211748 0.294360 0.450649
20572unihon 0.031144 0.000010 0.018507 0.203363 0.311669 0.435307
20599nighon 0.069444 0.000010 0.003440 0.325985 0.257336 0.343785
20600nighon 0.065461 0.000010 0.000010 0.337692 0.244498 0.352329
20601nighon 0.062907 0.000010 0.002722 0.338748 0.234677 0.360936
20602nighon 0.075533 0.000010 0.000010 0.327493 0.243185 0.353770
20603nighon 0.063680 0.000010 0.000010 0.297743 0.266091 0.372466
20604nighon 0.065058 0.000010 0.000010 0.320329 0.245157 0.369436
20605nighon 0.072438 0.000010 0.003500 0.312080 0.256827 0.355145
20606nighon 0.066468 0.000799 0.000010 0.320781 0.244944 0.366999
20607nighon 0.065706 0.000010 0.000010 0.320657 0.239758 0.373859
20608nighon 0.074589 0.000010 0.000010 0.324923 0.227056 0.373412
20609nighon 0.067158 0.000010 0.000010 0.337036 0.225728 0.370057
20610nighon 0.063526 0.000010 0.001006 0.328574 0.256635 0.350249
20613ranhon 0.066763 0.000010 0.000010 0.227317 0.240559 0.465341
20615gumhon 0.999950 0.000010 0.000010 0.000010 0.000010 0.000010
20617gumhon 0.999950 0.000010 0.000010 0.000010 0.000010 0.000010
20625puehon 0.028451 0.000010 0.036300 0.220937 0.454044 0.260258
20633puehon 0.036114 0.000010 0.020219 0.243665 0.300636 0.399356
20635puehon 0.034234 0.001087 0.042624 0.221891 0.292479 0.407685
20638puehon 0.032325 0.000010 0.025215 0.267176 0.307119 0.368155
20641gumhon 0.999950 0.000010 0.000010 0.000010 0.000010 0.000010
20642gumhon 0.999950 0.000010 0.000010 0.000010 0.000010 0.000010
20643gumhon 0.999950 0.000010 0.000010 0.000010 0.000010 0.000010
20644abehon 0.124884 0.000010 0.000010 0.248515 0.253231 0.373351
20650prohon 0.021488 0.000010 0.000010 0.532106 0.283882 0.162504
20696ranhon 0.049157 0.000010 0.030238 0.149342 0.168266 0.602987
20751guthon 0.318741 0.000010 0.036383 0.056566 0.464118 0.124182
20757indhon 0.000010 0.000010 0.993774 0.000010 0.006186 0.000010
20759abehon 0.115087 0.000010 0.003228 0.179889 0.355963 0.345824
20761abehon 0.110400 0.000010 0.004308 0.173035 0.360740 0.351507
20762abehon 0.113260 0.000010 0.028881 0.133241 0.454955 0.269653
20845prohon 0.017975 0.000010 0.029148 0.452628 0.428937 0.071302
20846prohon 0.011448 0.000010 0.023186 0.473584 0.419259 0.072513
20861abehon 0.096817 0.000010 0.004673 0.179683 0.368938 0.349879
20862abehon 0.055577 0.000010 0.000010 0.242342 0.306349 0.395713
20864abehon 0.140379 0.000010 0.006263 0.164214 0.349012 0.340122
20866abehon 0.119058 0.000010 0.005071 0.172447 0.363048 0.340366
20867abehon 0.131446 0.000010 0.000963 0.155311 0.352626 0.359644
20892ranhon 0.047476 0.000010 0.024156 0.193049 0.173574 0.561736
20893ranhon 0.026221 0.000010 0.084094 0.125627 0.473669 0.290379
20894ranhon 0.044003 0.000010 0.073249 0.082366 0.466715 0.333657
20896ranhon 0.041852 0.000010 0.016113 0.188845 0.188947 0.564233
20922ranhon 0.031339 0.000010 0.059301 0.156269 0.356719 0.396363
20923ranhon 0.050723 0.000010 0.071073 0.087186 0.443618 0.347390
20980ranhon 0.037469 0.000010 0.080173 0.096503 0.469627 0.316218
23301gumboc 0.999950 0.000010 0.000010 0.000010 0.000010 0.000010
23318gutboc 0.352124 0.000010 0.040350 0.018558 0.557531 0.031427
23322affboc 0.032983 0.000010 0.000010 0.489000 0.124575 0.353422
27698abequi 0.137400 0.000010 0.038770 0.120259 0.409388 0.294173
27707uniqui 0.026963 0.000010 0.061836 0.137334 0.473442 0.300415
27709uniqui 0.027492 0.000010 0.048988 0.184941 0.371788 0.366782
27936atltam 0.000010 0.999944 0.000016 0.000010 0.000010 0.000010
28366gumboc 0.923430 0.000010 0.000010 0.023584 0.000010 0.052957
28389abeboc 0.033100 0.001220 0.068398 0.325059 0.208534 0.363689
28713puequi 0.027771 0.000226 0.079843 0.220132 0.237466 0.434562
28939puequi 0.026124 0.000010 0.116923 0.200687 0.199409 0.456847
29137nigqui 0.015770 0.000010 0.021724 0.483034 0.249461 0.230000
29212indqui 0.000010 0.000010 0.999950 0.000010 0.000010 0.000010
29213indqui 0.000010 0.000010 0.999950 0.000010 0.000010 0.000010
30001nigqui 0.000414 0.000010 0.048372 0.628326 0.149835 0.173044
33023nigqui 0.003570 0.000010 0.073228 0.538680 0.307661 0.076851
52988atltam 0.000010 0.999937 0.000019 0.000014 0.000010 0.000010
52989atltam 0.000010 0.999950 0.000010 0.000010 0.000010 0.000010
52990atltam 0.000010 0.999950 0.000010 0.000010 0.000010 0.000010
54649casliz 0.024125 0.128896 0.000010 0.076514 0.420941 0.349514
54650casliz 0.021523 0.127878 0.001421 0.085440 0.407338 0.356400
54689atlliz 0.010898 0.720703 0.000010 0.058593 0.001099 0.208695
54761atlliz 0.004307 0.734321 0.000010 0.026217 0.075755 0.159390
54786atlliz 0.000010 0.999946 0.000014 0.000010 0.000010 0.000010
54849atlliz 0.000010 0.999945 0.000015 0.000010 0.000010 0.000010
62263pueala 0.038125 0.063396 0.039520 0.171509 0.271982 0.415468
62264pueala 0.030331 0.064235 0.024148 0.180657 0.275086 0.425544
62515gemarc 0.006697 0.062805 0.021935 0.206368 0.449754 0.252440
62549ecoarc 0.000010 0.542780 0.015557 0.053295 0.295840 0.092519
62550abearc 0.023992 0.070976 0.001916 0.157117 0.392844 0.353154
62551abearc 0.027989 0.073650 0.003106 0.167909 0.385442 0.341904
62552abearc 0.025732 0.070243 0.005812 0.171244 0.390031 0.336939
62553gemarc 0.000010 0.035503 0.050968 0.216572 0.555786 0.141162
62555esparc 0.000010 0.014499 0.000010 0.048826 0.569235 0.367421
62556ecoarc 0.000010 0.528484 0.014791 0.064770 0.291362 0.100583
62558floarc 0.000010 0.526971 0.021659 0.063875 0.295650 0.091835
62559floarc 0.007585 0.319255 0.021177 0.123496 0.318268 0.210219
62560floarc 0.000010 0.538056 0.018788 0.049731 0.305057 0.088358
62562ranarc 0.022824 0.037568 0.039154 0.093438 0.507220 0.299796
62570gemarc 0.000968 0.032791 0.050000 0.213041 0.541506 0.161694
62571esparc 0.000010 0.004244 0.000010 0.048695 0.503298 0.443743
62575ranarc 0.032818 0.043761 0.029043 0.087521 0.515467 0.291391
62576ecoarc 0.000010 0.541741 0.015099 0.067085 0.272204 0.103861
62577puearc 0.014382 0.112913 0.047853 0.116356 0.486579 0.221916
62585esparc 0.000010 0.002274 0.000010 0.019442 0.608299 0.369966
62948puearc 0.015201 0.107456 0.035899 0.141730 0.442535 0.257178
62953puearc 0.019322 0.109749 0.023799 0.159023 0.375661 0.312446
FL0318indpri 0.000010 0.000010 0.999950 0.000010 0.000010 0.000010
FL0324tanpri 0.000978 0.000010 0.000010 0.000803 0.938215 0.059984
FL0331chlpri 0.004261 0.000011 0.000010 0.026457 0.816318 0.152942
FL0835prosan 0.021258 0.000010 0.017741 0.497955 0.405214 0.057822
FL0836gutsan 0.320095 0.000010 0.040107 0.020039 0.586167 0.033582
FL0839abesan 0.086843 0.000010 0.009789 0.195575 0.360609 0.347175
FL0880ransan 0.087028 0.000010 0.019996 0.126897 0.464902 0.301168
HypoHaiti1libhai 0.001420 0.004612 0.081645 0.208030 0.189872 0.514422
HypoHaiti2libhai 0.001831 0.003202 0.081653 0.209384 0.196575 0.507355
HypoHaiti3libhai 0.000010 0.004566 0.079548 0.206289 0.193374 0.516213
PL17_101maybel 0.000010 0.000010 0.000010 0.000010 0.000010 0.999950
PL17_111indbel 0.000010 0.000010 0.580487 0.349227 0.000010 0.070256
PL17_119maybel 0.000011 0.000010 0.000010 0.000010 0.000010 0.999949
PL17_120maybel 0.000010 0.000010 0.000010 0.000010 0.000010 0.999950
PL17_121maybel 0.000010 0.000010 0.000010 0.000010 0.000010 0.999950
PL17_122maybel 0.000010 0.000010 0.000010 0.000010 0.000010 0.999950
PL17_123maybel 0.000010 0.000010 0.000010 0.000010 0.000010 0.999950
PL17_124maybel 0.000010 0.000010 0.000010 0.000010 0.000010 0.999950
PL17_125ranbel 0.051876 0.000010 0.017570 0.157277 0.144720 0.628547
PL17_126maybel 0.000010 0.000010 0.000010 0.000010 0.000010 0.999950
PL17_134uniflk 0.020024 0.074980 0.039963 0.103138 0.446446 0.315449
PL17_135uniflk 0.014747 0.087311 0.053013 0.076530 0.516638 0.251761
PL17_136uniflk 0.014011 0.098431 0.053909 0.070543 0.508398 0.254707
PL17_137uniflk 0.030207 0.083202 0.044478 0.105105 0.437940 0.299068
PL17_138uniflk 0.020211 0.084217 0.034429 0.110080 0.435859 0.315203
PL17_139pueflk 0.036445 0.038601 0.018375 0.200725 0.339466 0.366389
PL17_140uniflk 0.012658 0.068455 0.046184 0.110906 0.454748 0.307050
PL17_141uniflk 0.020194 0.075111 0.030651 0.116468 0.444053 0.313524
PL17_142gemflk 0.000010 0.062565 0.068353 0.237339 0.506352 0.125380
PL17_143uniflk 0.019009 0.067796 0.044636 0.114445 0.455644 0.298469
PL17_144gemflk 0.001417 0.065465 0.045335 0.266030 0.428744 0.193008
PL17_145gemflk 0.003220 0.063141 0.040354 0.284971 0.414455 0.193860
PL17_148gemflk 0.000010 0.062532 0.055174 0.262317 0.487147 0.132820
PL17_149nigflk 0.001746 0.000010 0.041984 0.614269 0.176021 0.165970
PL17_153gemflk 0.000010 0.067906 0.050772 0.249028 0.495727 0.136556
PL17_155pueflk 0.007807 0.055737 0.344888 0.082443 0.240070 0.269056
PL17_157pueflk 0.035349 0.000010 0.028907 0.216164 0.470612 0.248959
PL17_159pueflk 0.021448 0.037868 0.043459 0.182870 0.319282 0.395072
PL17_160floflk 0.024653 0.486276 0.021006 0.083627 0.242469 0.141969
PL17_23tanpri 0.010951 0.000010 0.014916 0.000010 0.934585 0.039528
PL17_35indpri 0.000010 0.000010 0.999950 0.000010 0.000010 0.000010
PL17_37chlpri 0.000250 0.000011 0.000010 0.037810 0.811297 0.150623
PL17_38chlpri 0.005184 0.000010 0.000010 0.034980 0.826895 0.132922
PL17_39chlpri 0.014652 0.000095 0.000010 0.041123 0.814019 0.130101
PL17_40chlpri 0.005190 0.000010 0.004273 0.021906 0.890203 0.078419
PL17_41chlpri 0.012987 0.000708 0.000010 0.045817 0.801882 0.138597
PL17_42chlpri 0.006119 0.000010 0.000010 0.051129 0.779018 0.163714
PL17_43chlpri 0.003919 0.000010 0.000010 0.034649 0.810464 0.150948
PL17_44chlpri 0.000010 0.000011 0.000010 0.040339 0.820525 0.139105
PL17_50puepri 0.000010 0.000010 0.000010 0.044616 0.784424 0.170930
PL17_53puepri 0.000010 0.000010 0.000010 0.041076 0.817672 0.141222
PL17_54puepri 0.008995 0.000010 0.000010 0.036636 0.822699 0.131651
PL17_55unipri 0.002542 0.000010 0.020727 0.056427 0.720084 0.200209
PL17_56tanpri 0.002828 0.000010 0.008999 0.000010 0.943524 0.044629
PL17_57puepri 0.000010 0.000010 0.000010 0.017927 0.834252 0.147791
PL17_60puepri 0.010779 0.000846 0.013344 0.015443 0.849967 0.109621
PL17_62chlpri 0.000010 0.000010 0.000010 0.038377 0.820346 0.141247
PL17_63unipri 0.003699 0.000010 0.023013 0.028721 0.761753 0.182803
PL17_64indpri 0.000010 0.000010 0.999950 0.000010 0.000010 0.000010
PL17_65puepri 0.006723 0.000010 0.005448 0.007428 0.883402 0.096988
PL17_66unipri 0.000010 0.000010 0.021964 0.038656 0.762704 0.176656
PL17_67unipri 0.003450 0.000010 0.046185 0.017186 0.827458 0.105711
PL17_68gutpri 0.162487 0.000010 0.016685 0.000010 0.820797 0.000010
PL17_69puepri 0.020152 0.000010 0.019740 0.049802 0.800064 0.110232
PL17_70unipri 0.009935 0.000010 0.032343 0.028322 0.771385 0.158005
PL17_71tanpri 0.012136 0.000010 0.018933 0.000010 0.939591 0.029319
PL17_72tanpri 0.003053 0.000010 0.029042 0.000010 0.967875 0.000010
PL17_73unipri 0.003367 0.000010 0.008069 0.058472 0.709347 0.220736
PL17_74unipri 0.000010 0.000010 0.023102 0.036114 0.780774 0.159990
PL17_75abepri 0.114002 0.000010 0.000010 0.017531 0.725305 0.143142
PL17_76tanpri 0.000010 0.000010 0.024341 0.000010 0.963932 0.011698
PL17_77unipri 0.008474 0.000010 0.024689 0.046185 0.745119 0.175522
PL17_79abepri 0.092046 0.000010 0.000010 0.031598 0.752973 0.123363
PL17_82puepri 0.000562 0.000010 0.005075 0.000010 0.885249 0.109094
PL17_85indpri 0.000010 0.000010 0.999950 0.000010 0.000010 0.000010
PL17_86chlpri 0.007539 0.000472 0.000010 0.047435 0.785195 0.159349
PL17_88abebel 0.040855 0.000010 0.082780 0.204684 0.170810 0.500861
PL17_89maybel 0.000010 0.000010 0.000010 0.000010 0.000010 0.999950
PL17_95maybel 0.000010 0.000010 0.006727 0.000010 0.000010 0.993233
PL17_98indbel 0.001926 0.000010 0.535079 0.279422 0.176582 0.006981
Ross1gemare 0.000010 0.036746 0.044144 0.211637 0.550482 0.156981
Ross2abeare 0.024318 0.052671 0.039838 0.124345 0.528137 0.230691
Ross3pueare 0.008998 0.075225 0.040446 0.140560 0.451505 0.283266
