13310puequi 0.015960 0.041783 0.097779 0.033441 0.216736 0.523205 0.045974 0.025113 0.000010
13318uniqui 0.006576 0.056081 0.316632 0.319979 0.055627 0.245075 0.000010 0.000010 0.000010
17996indbel 0.000010 0.999920 0.000010 0.000010 0.000010 0.000010 0.000010 0.000010 0.000010
17997indbel 0.000010 0.999920 0.000010 0.000010 0.000010 0.000010 0.000010 0.000010 0.000010
17998indbel 0.000010 0.999920 0.000010 0.000010 0.000010 0.000010 0.000010 0.000010 0.000010
17999indbel 0.000010 0.999920 0.000010 0.000010 0.000010 0.000010 0.000010 0.000010 0.000010
18000indbel 0.000010 0.999917 0.000010 0.000010 0.000010 0.000013 0.000010 0.000010 0.000010
18151nigbel 0.000010 0.000010 0.000010 0.000010 0.999920 0.000010 0.000010 0.000010 0.000010
18152puebel 0.005195 0.136492 0.000010 0.025542 0.148049 0.566484 0.090632 0.027586 0.000010
18153nigbel 0.000010 0.000010 0.000010 0.000010 0.999920 0.000010 0.000010 0.000010 0.000010
18154puebel 0.008221 0.136115 0.000010 0.049864 0.157754 0.565000 0.074551 0.008475 0.000010
18155nigbel 0.000010 0.000760 0.030014 0.093564 0.875611 0.000010 0.000010 0.000010 0.000010
18156nigbel 0.000010 0.009241 0.075864 0.165473 0.749372 0.000010 0.000010 0.000010 0.000010
18157nigbel 0.000010 0.000010 0.000010 0.000010 0.999920 0.000010 0.000010 0.000010 0.000010
18158nigbel 0.000010 0.000010 0.000010 0.000010 0.999920 0.000010 0.000010 0.000010 0.000010
18159nigbel 0.000010 0.013717 0.013159 0.082921 0.890153 0.000010 0.000010 0.000010 0.000010
18160gutbel 0.235573 0.036315 0.328598 0.326129 0.021399 0.028488 0.023478 0.000010 0.000010
18161puebel 0.015457 0.059574 0.023289 0.013700 0.224749 0.558179 0.062422 0.042619 0.000010
18162nigbel 0.000010 0.000010 0.000010 0.000010 0.999920 0.000010 0.000010 0.000010 0.000010
18163unibel 0.010845 0.037016 0.108565 0.084056 0.194323 0.530659 0.034515 0.000010 0.000010
18165nigbel 0.000010 0.000010 0.000010 0.000010 0.999920 0.000010 0.000010 0.000010 0.000010
18166puebel 0.000010 0.141531 0.001282 0.036576 0.173919 0.548762 0.085739 0.012171 0.000010
18169puebel 0.011283 0.112517 0.000010 0.000010 0.195222 0.595228 0.079992 0.005729 0.000010
18171nigbel 0.000010 0.000010 0.000010 0.000010 0.999920 0.000010 0.000010 0.000010 0.000010
18172puebel 0.007791 0.159918 0.000010 0.086028 0.149920 0.517397 0.066216 0.012711 0.000010
18174puebel 0.012550 0.109927 0.000010 0.006973 0.161908 0.590213 0.103241 0.015168 0.000010
18175puebel 0.011058 0.143721 0.000010 0.023446 0.177240 0.562878 0.073556 0.008081 0.000010
18176puebel 0.015193 0.090183 0.000010 0.008591 0.241309 0.568174 0.073458 0.003073 0.000010
18178puebel 0.004413 0.150622 0.000010 0.026340 0.163708 0.565971 0.082891 0.006035 0.000010
18179puebel 0.004375 0.119001 0.000010 0.041046 0.161066 0.571168 0.088340 0.014984 0.000010
18180puebel 0.010896 0.091049 0.038065 0.006665 0.197897 0.580983 0.071481 0.002954 0.000010
18185nigbel 0.000010 0.008205 0.014993 0.115810 0.860942 0.000010 0.000010 0.000010 0.000010
18187nigbel 0.000010 0.000010 0.000010 0.000010 0.999920 0.000010 0.000010 0.000010 0.000010
18195indbel 0.000010 0.999920 0.000010 0.000010 0.000010 0.000010 0.000010 0.000010 0.000010
18222indbel 0.000010 0.999920 0.000010 0.000010 0.000010 0.000010 0.000010 0.000010 0.000010
18225indbel 0.000010 0.999920 0.000010 0.000010 0.000010 0.000010 0.000010 0.000010 0.000010
18226indbel 0.000010 0.999920 0.000010 0.000010 0.000010 0.000010 0.000010 0.000010 0.000010
18227indbel 0.000010 0.999920 0.000010 0.000010 0.000010 0.000010 0.000010 0.000010 0.000010
18261unibel 0.008392 0.057969 0.199630 0.194481 0.128647 0.391035 0.019826 0.000010 0.000010
18263abebel 0.022794 0.084707 0.000010 0.008111 0.194264 0.572007 0.113123 0.004974 0.000010
18267unibel 0.010509 0.063656 0.072365 0.036990 0.291955 0.468408 0.046594 0.009512 0.000010
18274unibel 0.000010 0.122708 0.000010 0.040973 0.167151 0.566015 0.083179 0.019943 0.000010
18276unibel 0.000010 0.119433 0.000010 0.044216 0.172028 0.576883 0.071014 0.016395 0.000010
18418nigboc 0.000010 0.000010 0.000010 0.000010 0.000010 0.000010 0.000010 0.999920 0.000010
18419pueboc 0.005005 0.034249 0.000010 0.000010 0.000010 0.694412 0.005314 0.260980 0.000010
18420uniboc 0.000010 0.011889 0.068291 0.000010 0.039998 0.807218 0.000010 0.072563 0.000010
18421pueboc 0.000918 0.039833 0.000011 0.000010 0.000010 0.685539 0.000010 0.273658 0.000010
18422pueboc 0.004131 0.037804 0.000010 0.000010 0.000010 0.703380 0.000010 0.254635 0.000010
18424nigboc 0.000010 0.000010 0.000010 0.000010 0.000010 0.000010 0.000010 0.999920 0.000010
18426pueboc 0.006214 0.033108 0.000010 0.000010 0.000010 0.705422 0.008813 0.246402 0.000010
18427pueboc 0.005087 0.037872 0.000010 0.000010 0.000012 0.715105 0.002937 0.238956 0.000010
18428nigboc 0.000010 0.000010 0.000010 0.000010 0.000010 0.000010 0.000010 0.999920 0.000010
18429pueboc 0.004895 0.040659 0.000010 0.000010 0.000010 0.695336 0.005114 0.253956 0.000010
18430pueboc 0.009615 0.045525 0.005129 0.000010 0.021712 0.674763 0.011360 0.231876 0.000010
18432pueboc 0.001755 0.039469 0.000010 0.000010 0.000010 0.684502 0.000010 0.274223 0.000010
18434pueboc 0.002852 0.042532 0.000010 0.000010 0.000010 0.693097 0.000010 0.261468 0.000010
18435uniboc 0.000010 0.009460 0.038628 0.004545 0.044275 0.817022 0.000010 0.086039 0.000010
18439uniboc 0.000010 0.014967 0.068511 0.000010 0.055728 0.779644 0.000010 0.081109 0.000010
18440uniboc 0.000010 0.015943 0.077113 0.015148 0.092272 0.747848 0.000010 0.051647 0.000010
18441uniboc 0.000010 0.014803 0.067864 0.010146 0.056598 0.783681 0.000010 0.066877 0.000010
18442uniboc 0.000010 0.009120 0.056196 0.000010 0.041096 0.819131 0.000010 0.074416 0.000010
18445uniboc 0.000010 0.018569 0.089192 0.000010 0.085615 0.753788 0.000010 0.052795 0.000010
18446uniboc 0.000010 0.017639 0.090994 0.004630 0.099010 0.728519 0.000034 0.059154 0.000010
18447uniboc 0.000010 0.017442 0.034332 0.015570 0.021738 0.827908 0.000010 0.082979 0.000010
18448uniboc 0.000010 0.009007 0.062722 0.000010 0.051547 0.790623 0.000010 0.086061 0.000010
18449gumboc 0.825555 0.000010 0.065522 0.108863 0.000010 0.000010 0.000010 0.000010 0.000010
18450uniboc 0.000010 0.018728 0.056071 0.006473 0.035487 0.796044 0.000010 0.087167 0.000010
18452abeboc 0.098629 0.006614 0.147693 0.032690 0.194285 0.462980 0.048400 0.008699 0.000010
18454uniboc 0.000010 0.010019 0.075295 0.000010 0.032124 0.795106 0.000010 0.087416 0.000010
18471abeboc 0.113789 0.000010 0.159624 0.035736 0.214892 0.437357 0.038573 0.000010 0.000010
18492abebel 0.012481 0.082278 0.000010 0.003697 0.215257 0.565998 0.113823 0.006445 0.000010
18493abebel 0.024141 0.080333 0.000010 0.024824 0.204836 0.543871 0.121966 0.000010 0.000010
18901nigboc 0.000010 0.000010 0.000010 0.000010 0.000010 0.000010 0.000010 0.999920 0.000010
18902nigboc 0.000010 0.000010 0.000010 0.000010 0.000010 0.000010 0.000010 0.999920 0.000010
18903nigboc 0.000010 0.000010 0.000010 0.000010 0.000010 0.000010 0.000010 0.999920 0.000010
18904nigboc 0.000010 0.000010 0.000010 0.000010 0.000010 0.000010 0.000010 0.999920 0.000010
18905nigboc 0.000010 0.000010 0.000010 0.000010 0.000010 0.000010 0.000010 0.999920 0.000010
18906nigboc 0.000010 0.000010 0.000010 0.000010 0.000010 0.000010 0.000010 0.999920 0.000010
18907nigboc 0.000010 0.000010 0.000010 0.000010 0.000010 0.000010 0.000010 0.999920 0.000010
18909nigboc 0.000010 0.000010 0.000010 0.000010 0.000010 0.000010 0.000010 0.999920 0.000010
18912pueboc 0.004596 0.037390 0.000010 0.000010 0.000010 0.694408 0.007092 0.256474 0.000010
18915pueboc 0.000010 0.035819 0.000010 0.000010 0.000010 0.694355 0.009352 0.260423 0.000010
18917pueboc 0.000010 0.041227 0.000010 0.000010 0.000010 0.682575 0.006237 0.269911 0.000010
18935affboc 0.012248 0.007988 0.074553 0.013112 0.032396 0.317668 0.096587 0.445438 0.000010
18936affboc 0.009792 0.000010 0.021370 0.000010 0.013435 0.395166 0.114916 0.445291 0.000010
18949abegun 0.014319 0.024598 0.000010 0.000010 0.062583 0.646203 0.061410 0.190857 0.000010
18986affboc 0.015292 0.018567 0.068711 0.006101 0.024306 0.356704 0.101121 0.409187 0.000010
19076gutbar 0.221655 0.000010 0.621165 0.157120 0.000010 0.000010 0.000010 0.000010 0.000010
19077tanbar 0.000010 0.000010 0.999920 0.000010 0.000010 0.000010 0.000010 0.000010 0.000010
19079tanbar 0.000010 0.000010 0.999920 0.000010 0.000010 0.000010 0.000010 0.000010 0.000010
19080gutbar 0.195124 0.000016 0.621836 0.182974 0.000010 0.000010 0.000010 0.000010 0.000010
19104puegun 0.015253 0.023050 0.043864 0.020691 0.120977 0.655669 0.011884 0.108602 0.000010
19105niggun 0.012292 0.053309 0.037934 0.112645 0.060522 0.432787 0.053918 0.236583 0.000010
19106puegun 0.005622 0.033994 0.053846 0.051696 0.085011 0.607351 0.010988 0.151481 0.000010
19108puegun 0.017807 0.038481 0.031329 0.000010 0.117233 0.660829 0.017009 0.117292 0.000010
19124indgun 0.000010 0.895122 0.000010 0.000010 0.000010 0.079092 0.000010 0.025726 0.000010
19131niggun 0.012945 0.042802 0.025994 0.040317 0.043219 0.581428 0.052193 0.201092 0.000010
19150niggun 0.000010 0.048249 0.080708 0.120624 0.122485 0.248186 0.027880 0.351848 0.000010
19162indgun 0.000010 0.970387 0.000010 0.029543 0.000010 0.000010 0.000010 0.000010 0.000010
19174affgun 0.019359 0.000010 0.062948 0.000010 0.009124 0.596905 0.136732 0.174902 0.000010
19190indgun 0.000010 0.893116 0.000010 0.000010 0.000010 0.101941 0.000010 0.004883 0.000010
19235gutgun 0.314974 0.019351 0.325026 0.340591 0.000012 0.000010 0.000010 0.000015 0.000010
19294affgun 0.021730 0.000010 0.028250 0.000011 0.015905 0.594699 0.155628 0.183757 0.000010
19416chlbar 0.000010 0.000010 0.853254 0.146676 0.000010 0.000010 0.000010 0.000010 0.000010
19425chlbar 0.021531 0.000010 0.846367 0.132042 0.000010 0.000010 0.000010 0.000010 0.000010
19426puebar 0.000010 0.001223 0.855160 0.140153 0.000010 0.000010 0.000010 0.000010 0.003415
19427puebar 0.000010 0.001780 0.846741 0.150091 0.000010 0.000010 0.000010 0.000010 0.001338
19428puebar 0.000010 0.000010 0.846224 0.153197 0.000010 0.000010 0.000010 0.000010 0.000519
19435chlbar 0.064538 0.000010 0.805048 0.130355 0.000010 0.000010 0.000010 0.000010 0.000010
19437tanbar 0.000010 0.000010 0.999920 0.000010 0.000010 0.000010 0.000010 0.000010 0.000010
19519affgun 0.013389 0.027262 0.048730 0.041082 0.046180 0.558244 0.089011 0.176093 0.000010
19546abegun 0.007614 0.024496 0.033710 0.000010 0.045369 0.631363 0.067033 0.189605 0.000800
19708abegun 0.014717 0.030424 0.000010 0.000010 0.055301 0.668758 0.053235 0.177536 0.000010
19881unibel 0.009771 0.057602 0.196439 0.174528 0.151099 0.398015 0.012526 0.000010 0.000010
20068gutbel 0.300228 0.031390 0.351147 0.312114 0.005081 0.000010 0.000010 0.000010 0.000010
20069gutbel 0.213686 0.057590 0.295512 0.319853 0.041562 0.046139 0.025637 0.000010 0.000010
20092unibel 0.005475 0.043564 0.129298 0.105332 0.185236 0.518060 0.013017 0.000010 0.000010
20120unibel 0.014852 0.067606 0.195559 0.160566 0.164435 0.382022 0.014940 0.000010 0.000010
20126unibel 0.014695 0.064670 0.186112 0.169688 0.177086 0.356850 0.030879 0.000010 0.000010
20128unibel 0.017553 0.075249 0.169413 0.173116 0.137464 0.415420 0.011763 0.000010 0.000010
20135unibel 0.015564 0.057484 0.186751 0.170475 0.157643 0.403596 0.008466 0.000010 0.000010
20149unibel 0.005427 0.038456 0.118275 0.062120 0.182672 0.566810 0.026221 0.000010 0.000010
20418gumhon 0.999920 0.000010 0.000010 0.000010 0.000010 0.000010 0.000010 0.000010 0.000010
20419gumhon 0.999920 0.000010 0.000010 0.000010 0.000010 0.000010 0.000010 0.000010 0.000010
20420gumhon 0.999920 0.000010 0.000010 0.000010 0.000010 0.000010 0.000010 0.000010 0.000010
20421ranhon 0.046187 0.002026 0.075127 0.000010 0.164599 0.531844 0.135471 0.044726 0.000010
20425abehon 0.092213 0.000010 0.069492 0.000010 0.262696 0.477509 0.048391 0.049669 0.000010
20426gumhon 0.999920 0.000010 0.000010 0.000010 0.000010 0.000010 0.000010 0.000010 0.000010
20427gumhon 0.999920 0.000010 0.000010 0.000010 0.000010 0.000010 0.000010 0.000010 0.000010
20428gumhon 0.999920 0.000010 0.000010 0.000010 0.000010 0.000010 0.000010 0.000010 0.000010
20429ranhon 0.051624 0.000010 0.054958 0.012484 0.158650 0.556020 0.120337 0.045906 0.000010
20430ranhon 0.049140 0.000010 0.079238 0.000010 0.159344 0.547791 0.124115 0.040343 0.000010
20433abehon 0.073182 0.000010 0.089078 0.034723 0.217437 0.476883 0.054652 0.054025 0.000010
20435chlhon 0.084631 0.001371 0.068901 0.000357 0.301670 0.421371 0.061661 0.060027 0.000010
20551puehon 0.017640 0.007257 0.074288 0.094487 0.218961 0.538335 0.026336 0.022686 0.000010
20552puehon 0.023595 0.000010 0.130953 0.032575 0.253503 0.472259 0.035430 0.051666 0.000010
20553puehon 0.027660 0.009583 0.121604 0.030877 0.243333 0.474080 0.029987 0.062002 0.000876
20554puehon 0.024831 0.007492 0.093686 0.057120 0.222911 0.526228 0.037793 0.029928 0.000010
20555puehon 0.027592 0.012033 0.088026 0.043618 0.245800 0.514702 0.027281 0.040936 0.000010
20556puehon 0.023182 0.015406 0.107398 0.040875 0.231752 0.489661 0.023447 0.068271 0.000010
20558puehon 0.024439 0.009543 0.104954 0.052962 0.172476 0.548965 0.030682 0.055969 0.000010
20559puehon 0.032355 0.005178 0.093243 0.036497 0.223059 0.508645 0.039067 0.061946 0.000010
20560unihon 0.012148 0.013832 0.050395 0.025634 0.169406 0.678193 0.030041 0.020340 0.000010
20561unihon 0.018331 0.013863 0.065032 0.039140 0.158564 0.655845 0.023442 0.025773 0.000010
20562unihon 0.018590 0.031377 0.054739 0.042965 0.169012 0.648789 0.007305 0.027212 0.000010
20563unihon 0.017076 0.016640 0.065417 0.037320 0.170223 0.625224 0.040807 0.027284 0.000010
20564unihon 0.013924 0.020732 0.054252 0.050701 0.148310 0.655556 0.015683 0.040833 0.000010
20565unihon 0.026866 0.016757 0.083129 0.026013 0.176059 0.612325 0.023521 0.035322 0.000010
20566unihon 0.017013 0.013519 0.060456 0.037240 0.186393 0.637103 0.026640 0.021611 0.000025
20567unihon 0.015631 0.014434 0.060692 0.043652 0.155969 0.645376 0.027914 0.036322 0.000010
20568unihon 0.021648 0.018596 0.062566 0.023298 0.189885 0.638041 0.029553 0.016404 0.000010
20571unihon 0.018227 0.010445 0.054600 0.027692 0.186785 0.646845 0.038981 0.016414 0.000010
20572unihon 0.014899 0.020631 0.067535 0.026783 0.180159 0.656164 0.021031 0.012787 0.000010
20599nighon 0.057039 0.000010 0.081646 0.000014 0.310530 0.421239 0.048896 0.080615 0.000010
20600nighon 0.052181 0.000010 0.066098 0.000010 0.319248 0.427742 0.052819 0.081883 0.000010
20601nighon 0.050418 0.000010 0.050309 0.008964 0.341944 0.418275 0.060168 0.069903 0.000010
20602nighon 0.064249 0.000010 0.070100 0.000010 0.326072 0.401926 0.065097 0.072527 0.000010
20603nighon 0.052402 0.000010 0.083747 0.009000 0.304831 0.425138 0.070768 0.054094 0.000010
20604nighon 0.053279 0.000010 0.065080 0.000775 0.322959 0.422311 0.070191 0.065386 0.000010
20605nighon 0.061028 0.000010 0.076817 0.009550 0.331708 0.403999 0.065179 0.051699 0.000010
20606nighon 0.053883 0.000010 0.070641 0.000010 0.306522 0.420856 0.072202 0.074106 0.001770
20607nighon 0.053061 0.000010 0.060258 0.000010 0.305055 0.446755 0.061801 0.072421 0.000628
20608nighon 0.062057 0.000010 0.050155 0.000010 0.322294 0.426665 0.070303 0.068496 0.000010
20609nighon 0.053549 0.000010 0.049807 0.000010 0.318268 0.441240 0.057137 0.079970 0.000010
20610nighon 0.051172 0.000010 0.081111 0.000010 0.304283 0.425480 0.052665 0.085258 0.000010
20613ranhon 0.052495 0.000010 0.068892 0.000010 0.177219 0.546926 0.103972 0.050466 0.000010
20615gumhon 0.999920 0.000010 0.000010 0.000010 0.000010 0.000010 0.000010 0.000010 0.000010
20617gumhon 0.999920 0.000010 0.000010 0.000010 0.000010 0.000010 0.000010 0.000010 0.000010
20625puehon 0.020231 0.026093 0.214962 0.177080 0.175145 0.324868 0.013449 0.048161 0.000010
20633puehon 0.021050 0.018222 0.068473 0.039394 0.227671 0.578610 0.018673 0.027898 0.000010
20635puehon 0.019052 0.039827 0.044258 0.065273 0.224006 0.577101 0.021409 0.009064 0.000010
20638puehon 0.018644 0.022210 0.074008 0.063601 0.220612 0.527020 0.015742 0.058154 0.000010
20641gumhon 0.999920 0.000010 0.000010 0.000010 0.000010 0.000010 0.000010 0.000010 0.000010
20642gumhon 0.999920 0.000010 0.000010 0.000010 0.000010 0.000010 0.000010 0.000010 0.000010
20643gumhon 0.999920 0.000010 0.000010 0.000010 0.000010 0.000010 0.000010 0.000010 0.000010
20644abehon 0.112822 0.000010 0.062763 0.026236 0.228241 0.462689 0.060930 0.046298 0.000010
20650prohon 0.011171 0.000010 0.108006 0.000010 0.617001 0.151840 0.000010 0.111941 0.000010
20696ranhon 0.037817 0.032513 0.026773 0.000010 0.165790 0.452570 0.284508 0.000010 0.000010
20751guthon 0.315831 0.024338 0.251313 0.236659 0.042850 0.127804 0.001184 0.000010 0.000010
20757indhon 0.000010 0.984937 0.000010 0.014993 0.000010 0.000010 0.000010 0.000010 0.000010
20759abehon 0.103349 0.001053 0.156330 0.035792 0.193234 0.456048 0.046675 0.007510 0.000010
20761abehon 0.098849 0.002245 0.164540 0.035875 0.186455 0.451258 0.054342 0.006426 0.000010
20762abehon 0.106438 0.020578 0.231237 0.181462 0.124550 0.292189 0.043328 0.000208 0.000010
20845prohon 0.013109 0.000017 0.232737 0.127811 0.548397 0.000010 0.000010 0.077898 0.000010
20846prohon 0.007905 0.000010 0.220966 0.124788 0.556206 0.000010 0.000010 0.090095 0.000010
20861abehon 0.085824 0.001849 0.170172 0.035737 0.201519 0.445196 0.053952 0.005740 0.000010
20862abehon 0.041965 0.000010 0.104137 0.026224 0.200561 0.527395 0.050654 0.049044 0.000010
20864abehon 0.129229 0.004338 0.149879 0.046938 0.173785 0.443504 0.047278 0.005038 0.000010
20866abehon 0.107739 0.001410 0.140442 0.081321 0.175544 0.451636 0.037006 0.004892 0.000010
20867abehon 0.120227 0.000010 0.150925 0.044913 0.179086 0.449698 0.055121 0.000010 0.000010
20892ranhon 0.035789 0.025115 0.034717 0.000010 0.196055 0.438215 0.250980 0.019109 0.000010
20893ranhon 0.023197 0.067502 0.240766 0.290456 0.136764 0.120903 0.120392 0.000010 0.000010
20894ranhon 0.041826 0.059005 0.241824 0.299494 0.074277 0.115320 0.168235 0.000010 0.000010
20896ranhon 0.030196 0.017269 0.043103 0.014155 0.179358 0.434743 0.257487 0.023679 0.000010
20922ranhon 0.024214 0.050739 0.157419 0.160155 0.164852 0.283795 0.158805 0.000010 0.000010
20923ranhon 0.047876 0.058027 0.234527 0.278943 0.074464 0.121283 0.184859 0.000010 0.000010
20980ranhon 0.035749 0.066510 0.255039 0.293029 0.084485 0.101959 0.163208 0.000010 0.000010
23301gumboc 0.999920 0.000010 0.000010 0.000010 0.000010 0.000010 0.000010 0.000010 0.000010
23318gutboc 0.344721 0.018243 0.336404 0.300582 0.000010 0.000010 0.000010 0.000010 0.000010
23322affboc 0.021310 0.000010 0.045520 0.000011 0.000045 0.393763 0.111067 0.428264 0.000010
27698abequi 0.131265 0.031850 0.202665 0.172855 0.094425 0.282245 0.076014 0.008672 0.000010
27707uniqui 0.017665 0.054070 0.200611 0.192013 0.133518 0.400929 0.001175 0.000010 0.000010
27709uniqui 0.015575 0.043464 0.119184 0.105197 0.204891 0.485887 0.025783 0.000010 0.000010
27936atltam 0.000010 0.000010 0.000010 0.000010 0.000010 0.000010 0.000010 0.000010 0.999920
28366gumboc 0.912720 0.000010 0.000010 0.000010 0.021289 0.065930 0.000010 0.000011 0.000010
28389abeboc 0.015822 0.075863 0.013545 0.073065 0.000010 0.581790 0.000010 0.239885 0.000010
28713puequi 0.013610 0.077419 0.018407 0.045361 0.238764 0.547376 0.059044 0.000010 0.000010
28939puequi 0.010366 0.118173 0.000010 0.046621 0.169974 0.561256 0.078759 0.014831 0.000010
29137nigqui 0.007643 0.000010 0.066511 0.013019 0.610192 0.213163 0.020461 0.068990 0.000010
29212indqui 0.000010 0.999920 0.000010 0.000010 0.000010 0.000010 0.000010 0.000010 0.000010
29213indqui 0.000010 0.999920 0.000010 0.000010 0.000010 0.000010 0.000010 0.000010 0.000010
30001nigqui 0.000010 0.000010 0.000010 0.000010 0.999920 0.000010 0.000010 0.000010 0.000010
33023nigqui 0.000010 0.017025 0.035273 0.125600 0.822052 0.000010 0.000010 0.000010 0.000010
52988atltam 0.000010 0.000010 0.000010 0.000010 0.000010 0.000010 0.000010 0.000010 0.999920
52989atltam 0.000010 0.000010 0.000010 0.000010 0.000010 0.000010 0.000010 0.000010 0.999920
52990atltam 0.000010 0.000010 0.000010 0.000010 0.000010 0.000010 0.000010 0.000010 0.999920
54649casliz 0.009440 0.000010 0.031483 0.453460 0.000010 0.394399 0.000010 0.000010 0.111178
54650casliz 0.009488 0.000010 0.029951 0.438401 0.000010 0.404258 0.006414 0.000010 0.111458
54689atlliz 0.000010 0.000010 0.000010 0.000010 0.000010 0.235582 0.031708 0.017559 0.715101
54761atlliz 0.000010 0.000010 0.000010 0.079691 0.000010 0.177855 0.016644 0.000010 0.725760
54786atlliz 0.000010 0.000010 0.000010 0.000010 0.000013 0.000010 0.000010 0.000010 0.999917
54849atlliz 0.000010 0.000010 0.000010 0.000010 0.000010 0.000011 0.000010 0.000010 0.999919
62263pueala 0.022176 0.032141 0.000010 0.272530 0.097659 0.471405 0.050036 0.001349 0.052694
62264pueala 0.014537 0.019507 0.000010 0.258397 0.072269 0.513560 0.043153 0.024186 0.054381
62515gemarc 0.000010 0.000010 0.060985 0.611204 0.077323 0.150775 0.031694 0.027001 0.040998
62549ecoarc 0.000010 0.000010 0.000010 0.480749 0.000010 0.000010 0.000010 0.000010 0.519181
62550abearc 0.014534 0.000010 0.033598 0.459527 0.039252 0.346416 0.046090 0.006796 0.053777
62551abearc 0.017299 0.000010 0.034523 0.433545 0.074252 0.347213 0.031588 0.004377 0.057193
62552abearc 0.016404 0.000010 0.034370 0.437219 0.047837 0.363969 0.024200 0.021803 0.054189
62553gemarc 0.000010 0.003450 0.075249 0.847429 0.063714 0.000010 0.000010 0.004860 0.005267
62555esparc 0.000010 0.000010 0.114168 0.421389 0.000010 0.464383 0.000010 0.000010 0.000010
62556ecoarc 0.000010 0.000010 0.000010 0.494774 0.000010 0.000010 0.000010 0.000010 0.505156
62558floarc 0.000010 0.000010 0.000010 0.497929 0.000010 0.000010 0.000010 0.000010 0.502001
62559floarc 0.002383 0.003943 0.003380 0.463379 0.009120 0.188240 0.014958 0.014734 0.299864
62560floarc 0.000010 0.000010 0.000010 0.486304 0.000010 0.000010 0.000010 0.000010 0.513626
62562ranarc 0.014406 0.017083 0.127769 0.597361 0.000010 0.174597 0.052189 0.000010 0.016575
62570gemarc 0.000010 0.007881 0.092252 0.823723 0.043185 0.000010 0.000010 0.029834 0.003094
62571esparc 0.000010 0.000010 0.062266 0.304878 0.000010 0.632797 0.000010 0.000010 0.000010
62575ranarc 0.025039 0.003727 0.125635 0.626975 0.000010 0.146566 0.050720 0.000010 0.021317
62576ecoarc 0.000010 0.000010 0.000010 0.481592 0.000010 0.000010 0.000010 0.000010 0.518338
62577puearc 0.007913 0.028113 0.133623 0.546222 0.000010 0.186975 0.002883 0.000010 0.094251
62585esparc 0.000010 0.000010 0.144812 0.385521 0.000010 0.469607 0.000010 0.000010 0.000010
62948puearc 0.007249 0.016709 0.085389 0.495222 0.040147 0.257601 0.002888 0.004824 0.089971
62953puearc 0.009348 0.009122 0.037411 0.428105 0.048435 0.329913 0.025654 0.017502 0.094511
FL0318indpri 0.000010 0.999920 0.000010 0.000010 0.000010 0.000010 0.000010 0.000010 0.000010
FL0324tanpri 0.000010 0.000010 0.877241 0.000010 0.019023 0.064214 0.033396 0.006086 0.000010
FL0331chlpri 0.000010 0.000010 0.702007 0.000010 0.037187 0.236210 0.020700 0.000010 0.003855
FL0835prosan 0.013197 0.000010 0.206094 0.110989 0.566522 0.000010 0.000010 0.103158 0.000010
FL0836gutsan 0.312748 0.016340 0.342658 0.328204 0.000010 0.000010 0.000010 0.000010 0.000010
FL0839abesan 0.075179 0.005357 0.131074 0.076140 0.197205 0.468802 0.033332 0.012900 0.000010
FL0880ransan 0.079224 0.013050 0.239216 0.164077 0.118082 0.332119 0.054212 0.000010 0.000010
HypoHaiti1libhai 0.000010 0.094995 0.000010 0.005137 0.044643 0.751219 0.028232 0.071846 0.003907
HypoHaiti2libhai 0.000010 0.094638 0.000010 0.016274 0.023443 0.752024 0.026200 0.084646 0.002756
HypoHaiti3libhai 0.000010 0.092421 0.000010 0.020299 0.038086 0.740318 0.031934 0.073506 0.003416
PL17_101maybel 0.000010 0.000010 0.000018 0.000010 0.000010 0.000010 0.999912 0.000010 0.000010
PL17_111indbel 0.000010 0.539956 0.000010 0.000010 0.459974 0.000010 0.000010 0.000010 0.000010
PL17_119maybel 0.000010 0.000010 0.000010 0.000010 0.000010 0.000010 0.999920 0.000010 0.000010
PL17_120maybel 0.000010 0.000010 0.000010 0.000010 0.000010 0.000010 0.999920 0.000010 0.000010
PL17_121maybel 0.000010 0.000010 0.000010 0.000010 0.000010 0.000010 0.999920 0.000010 0.000010
PL17_122maybel 0.000010 0.000010 0.000010 0.000010 0.000010 0.000010 0.999920 0.000010 0.000010
PL17_123maybel 0.000010 0.000010 0.000010 0.000010 0.000010 0.000010 0.999920 0.000010 0.000010
PL17_124maybel 0.000010 0.000010 0.000011 0.000010 0.000010 0.000010 0.999919 0.000010 0.000010
PL17_125ranbel 0.039795 0.020231 0.018788 0.000010 0.168770 0.437100 0.315287 0.000010 0.000010
PL17_126maybel 0.000010 0.000017 0.000010 0.000010 0.000010 0.000010 0.999913 0.000010 0.000010
PL17_134uniflk 0.009620 0.030412 0.120927 0.337282 0.016657 0.420984 0.000010 0.000010 0.064098
PL17_135uniflk 0.006298 0.036287 0.168741 0.429738 0.000010 0.285875 0.000010 0.000010 0.073030
PL17_136uniflk 0.006022 0.037074 0.158595 0.439277 0.000010 0.276047 0.000010 0.000010 0.082954
PL17_137uniflk 0.020970 0.034369 0.127693 0.324855 0.035015 0.383011 0.001404 0.000010 0.072671
PL17_138uniflk 0.010862 0.024929 0.125667 0.331903 0.034433 0.376426 0.022670 0.000010 0.073098
PL17_139pueflk 0.023934 0.014925 0.090730 0.126407 0.146800 0.504301 0.024683 0.033035 0.035186
PL17_140uniflk 0.002851 0.035547 0.129639 0.333686 0.041322 0.399584 0.000010 0.000010 0.057352
PL17_141uniflk 0.009458 0.020692 0.120708 0.326905 0.042812 0.410849 0.004272 0.000010 0.064292
PL17_142gemflk 0.000010 0.000010 0.000010 0.981394 0.000011 0.000010 0.000010 0.000010 0.018535
PL17_143uniflk 0.009390 0.034106 0.141658 0.323371 0.047767 0.383820 0.002744 0.000010 0.057135
PL17_144gemflk 0.000010 0.000010 0.000010 0.877989 0.064498 0.000010 0.000010 0.028767 0.028696
PL17_145gemflk 0.000010 0.000010 0.000010 0.847205 0.063034 0.000010 0.004270 0.057190 0.028261
PL17_148gemflk 0.000010 0.000010 0.000010 0.980521 0.000010 0.000010 0.000010 0.000010 0.019409
PL17_149nigflk 0.000010 0.000010 0.000010 0.000010 0.999920 0.000010 0.000010 0.000010 0.000010
PL17_153gemflk 0.000010 0.000010 0.000010 0.975046 0.000010 0.000010 0.000010 0.000010 0.024884
PL17_155pueflk 0.000010 0.333116 0.000010 0.346888 0.000010 0.248691 0.029225 0.000010 0.042039
PL17_157pueflk 0.027661 0.017864 0.228473 0.177643 0.185964 0.312788 0.009084 0.040514 0.000010
PL17_159pueflk 0.008474 0.040986 0.072468 0.126651 0.135574 0.514956 0.046319 0.020214 0.034358
PL17_160floflk 0.020984 0.009753 0.051938 0.239552 0.041021 0.150325 0.007045 0.005181 0.474201
PL17_23tanpri 0.010945 0.010709 0.828076 0.078148 0.000010 0.063146 0.008946 0.000010 0.000010
PL17_35indpri 0.000010 0.999910 0.000010 0.000010 0.000010 0.000020 0.000010 0.000010 0.000010
PL17_37chlpri 0.000010 0.000010 0.696236 0.000010 0.027697 0.257325 0.006865 0.009195 0.002652
PL17_38chlpri 0.000010 0.000010 0.709770 0.000010 0.043980 0.238787 0.005509 0.000010 0.001913
PL17_39chlpri 0.007187 0.000010 0.708003 0.000010 0.037946 0.224783 0.007313 0.010786 0.003963
PL17_40chlpri 0.003319 0.000010 0.765613 0.059083 0.045178 0.115865 0.010794 0.000010 0.000128
PL17_41chlpri 0.004433 0.000010 0.693734 0.000010 0.038447 0.238369 0.008598 0.011948 0.004451
PL17_42chlpri 0.000010 0.000010 0.663139 0.000010 0.057520 0.251735 0.020885 0.005335 0.001355
PL17_43chlpri 0.000010 0.000010 0.703214 0.000010 0.034488 0.234387 0.022424 0.005446 0.000010
PL17_44chlpri 0.000010 0.000010 0.704860 0.000010 0.021980 0.247582 0.005239 0.017823 0.002486
PL17_50puepri 0.000010 0.000010 0.641877 0.000010 0.061362 0.294545 0.000501 0.000010 0.001675
PL17_53puepri 0.000010 0.000010 0.703069 0.000010 0.057583 0.210928 0.024171 0.002724 0.001495
PL17_54puepri 0.000010 0.000010 0.714102 0.000010 0.035762 0.235497 0.003141 0.009271 0.002197
PL17_55unipri 0.000010 0.015225 0.495793 0.135011 0.049554 0.304376 0.000010 0.000010 0.000010
PL17_56tanpri 0.001104 0.005485 0.862091 0.039981 0.005701 0.052501 0.023674 0.008290 0.001173
PL17_57puepri 0.000010 0.000010 0.711808 0.000010 0.023624 0.243288 0.018208 0.000010 0.003032
PL17_60puepri 0.008598 0.006196 0.663642 0.154241 0.009192 0.151628 0.006482 0.000010 0.000010
PL17_62chlpri 0.000010 0.000010 0.709036 0.000010 0.036145 0.240989 0.008098 0.004199 0.001501
PL17_63unipri 0.000010 0.016045 0.523040 0.183785 0.004229 0.272861 0.000010 0.000010 0.000010
PL17_64indpri 0.000010 0.999920 0.000010 0.000010 0.000010 0.000010 0.000010 0.000010 0.000010
PL17_65puepri 0.003558 0.000010 0.704070 0.133379 0.000010 0.158942 0.000010 0.000010 0.000010
PL17_66unipri 0.000010 0.014226 0.519997 0.193261 0.006074 0.266402 0.000010 0.000010 0.000010
PL17_67unipri 0.000010 0.028954 0.552292 0.275239 0.000010 0.143459 0.000010 0.000016 0.000010
PL17_68gutpri 0.158261 0.000010 0.629874 0.211805 0.000010 0.000010 0.000010 0.000010 0.000010
PL17_69puepri 0.015531 0.010315 0.598386 0.149253 0.040695 0.185789 0.000010 0.000010 0.000010
PL17_70unipri 0.005378 0.022982 0.531706 0.198145 0.011869 0.229889 0.000010 0.000010 0.000010
PL17_71tanpri 0.011493 0.007729 0.800902 0.155883 0.000010 0.000010 0.023953 0.000010 0.000010
PL17_72tanpri 0.000474 0.013794 0.811569 0.174113 0.000010 0.000010 0.000010 0.000010 0.000010
PL17_73unipri 0.000010 0.005117 0.493356 0.104834 0.041288 0.355365 0.000010 0.000010 0.000010
PL17_74unipri 0.000010 0.014852 0.547273 0.182185 0.013636 0.242014 0.000010 0.000010 0.000010
PL17_75abepri 0.109754 0.000010 0.590974 0.031184 0.029886 0.219062 0.017583 0.000010 0.001536
PL17_76tanpri 0.000010 0.012940 0.829320 0.146115 0.000010 0.000010 0.011575 0.000010 0.000010
PL17_77unipri 0.003483 0.017669 0.516734 0.170394 0.026199 0.265490 0.000010 0.000010 0.000010
PL17_79abepri 0.087399 0.000010 0.615561 0.032780 0.043281 0.220132 0.000816 0.000010 0.000010
PL17_82puepri 0.000010 0.000010 0.708254 0.115408 0.000010 0.176278 0.000010 0.000010 0.000010
PL17_85indpri 0.000010 0.999920 0.000010 0.000010 0.000010 0.000010 0.000010 0.000010 0.000010
PL17_86chlpri 0.000010 0.000010 0.670218 0.000010 0.061637 0.243550 0.020704 0.000010 0.003852
PL17_88abebel 0.025031 0.085160 0.000010 0.008365 0.190341 0.562307 0.115866 0.012910 0.000010
PL17_89maybel 0.000010 0.000010 0.000010 0.000010 0.000010 0.000010 0.999920 0.000010 0.000010
PL17_95maybel 0.000010 0.000010 0.000010 0.000010 0.000010 0.000010 0.999920 0.000010 0.000010
PL17_98indbel 0.000010 0.501749 0.020304 0.087691 0.390205 0.000010 0.000010 0.000010 0.000010
Ross1gemare 0.000010 0.000010 0.038522 0.910381 0.029563 0.000010 0.000010 0.019389 0.002106
Ross2abeare 0.019836 0.017913 0.156358 0.591798 0.000010 0.166108 0.009840 0.005097 0.033040
Ross3pueare 0.000533 0.021948 0.098215 0.462851 0.054554 0.293002 0.010322 0.000010 0.058566
