13310puequi 0.106420 0.893570 0.000010
13318uniqui 0.108105 0.884659 0.007236
17996indbel 0.999980 0.000010 0.000010
17997indbel 0.999980 0.000010 0.000010
17998indbel 0.999980 0.000010 0.000010
17999indbel 0.999980 0.000010 0.000010
18000indbel 0.999972 0.000018 0.000010
18151nigbel 0.097619 0.902371 0.000010
18152puebel 0.204866 0.795124 0.000010
18153nigbel 0.091341 0.908649 0.000010
18154puebel 0.203209 0.796726 0.000064
18155nigbel 0.099527 0.897128 0.003345
18156nigbel 0.113133 0.882085 0.004782
18157nigbel 0.098330 0.901660 0.000010
18158nigbel 0.102238 0.897752 0.000010
18159nigbel 0.114118 0.884374 0.001508
18160gutbel 0.071838 0.924506 0.003656
18161puebel 0.128517 0.871473 0.000010
18162nigbel 0.092434 0.907556 0.000010
18163unibel 0.101598 0.898199 0.000203
18165nigbel 0.095141 0.904849 0.000010
18166puebel 0.209561 0.790429 0.000010
18169puebel 0.184504 0.815486 0.000010
18171nigbel 0.099388 0.899858 0.000755
18172puebel 0.227142 0.770831 0.002027
18174puebel 0.182431 0.817559 0.000010
18175puebel 0.211797 0.788193 0.000010
18176puebel 0.161603 0.838387 0.000010
18178puebel 0.219257 0.780733 0.000010
18179puebel 0.187913 0.812077 0.000010
18180puebel 0.157703 0.841432 0.000865
18185nigbel 0.106565 0.889864 0.003571
18187nigbel 0.093798 0.906192 0.000010
18195indbel 0.999980 0.000010 0.000010
18222indbel 0.999980 0.000010 0.000010
18225indbel 0.999980 0.000010 0.000010
18226indbel 0.999976 0.000014 0.000010
18227indbel 0.999979 0.000011 0.000010
18261unibel 0.116777 0.880458 0.002766
18263abebel 0.156194 0.843796 0.000010
18267unibel 0.132135 0.866385 0.001479
18274unibel 0.193879 0.805179 0.000942
18276unibel 0.189542 0.810448 0.000010
18418nigboc 0.050596 0.949394 0.000010
18419pueboc 0.103318 0.896672 0.000010
18420uniboc 0.073173 0.926817 0.000010
18421pueboc 0.103147 0.896843 0.000010
18422pueboc 0.104066 0.895924 0.000010
18424nigboc 0.049760 0.950230 0.000010
18426pueboc 0.100328 0.899662 0.000010
18427pueboc 0.100991 0.898999 0.000010
18428nigboc 0.052893 0.947097 0.000010
18429pueboc 0.108213 0.891777 0.000010
18430pueboc 0.105955 0.894035 0.000010
18432pueboc 0.111016 0.888974 0.000010
18434pueboc 0.112346 0.887644 0.000010
18435uniboc 0.073418 0.926572 0.000010
18439uniboc 0.077104 0.922186 0.000709
18440uniboc 0.078326 0.921343 0.000331
18441uniboc 0.076140 0.923850 0.000010
18442uniboc 0.070592 0.929398 0.000010
18445uniboc 0.078782 0.921208 0.000010
18446uniboc 0.077268 0.921569 0.001163
18447uniboc 0.078690 0.921300 0.000010
18448uniboc 0.071642 0.928348 0.000010
18449gumboc 0.013921 0.986069 0.000010
18450uniboc 0.078897 0.920966 0.000137
18452abeboc 0.063371 0.936619 0.000010
18454uniboc 0.070845 0.928843 0.000312
18471abeboc 0.053691 0.946299 0.000010
18492abebel 0.156853 0.843137 0.000010
18493abebel 0.153121 0.846869 0.000010
18901nigboc 0.048286 0.951704 0.000010
18902nigboc 0.054212 0.945778 0.000010
18903nigboc 0.051226 0.948764 0.000010
18904nigboc 0.068314 0.931676 0.000010
18905nigboc 0.050082 0.949908 0.000010
18906nigboc 0.072584 0.927406 0.000010
18907nigboc 0.059312 0.940678 0.000010
18909nigboc 0.056203 0.943787 0.000010
18912pueboc 0.104043 0.895947 0.000010
18915pueboc 0.107376 0.892614 0.000010
18917pueboc 0.112811 0.887179 0.000010
18935affboc 0.070855 0.929135 0.000010
18936affboc 0.061512 0.938478 0.000010
18949abegun 0.090312 0.909678 0.000010
18986affboc 0.079219 0.920771 0.000010
19076gutbar 0.012888 0.980171 0.006941
19077tanbar 0.028543 0.960605 0.010852
19079tanbar 0.031121 0.958550 0.010329
19080gutbar 0.020233 0.971420 0.008347
19104puegun 0.086003 0.913976 0.000021
19105niggun 0.117798 0.880756 0.001446
19106puegun 0.095410 0.904019 0.000571
19108puegun 0.101677 0.898313 0.000010
19124indgun 0.917891 0.082099 0.000010
19131niggun 0.104814 0.895176 0.000010
19150niggun 0.111729 0.888261 0.000010
19162indgun 0.988762 0.011228 0.000010
19174affgun 0.062430 0.937560 0.000010
19190indgun 0.913071 0.086919 0.000010
19235gutgun 0.052008 0.943766 0.004227
19294affgun 0.068028 0.931962 0.000010
19416chlbar 0.022916 0.957574 0.019510
19425chlbar 0.018710 0.962684 0.018606
19426puebar 0.025194 0.952407 0.022400
19427puebar 0.025059 0.954186 0.020755
19428puebar 0.027824 0.950111 0.022065
19435chlbar 0.017923 0.964371 0.017706
19437tanbar 0.034611 0.951582 0.013807
19519affgun 0.090471 0.909519 0.000010
19546abegun 0.090111 0.909565 0.000324
19708abegun 0.096608 0.903382 0.000010
19881unibel 0.115687 0.881418 0.002895
20068gutbel 0.060438 0.935642 0.003920
20069gutbel 0.096637 0.899554 0.003809
20092unibel 0.106644 0.889329 0.004027
20120unibel 0.125882 0.869132 0.004986
20126unibel 0.125351 0.871743 0.002906
20128unibel 0.133676 0.862949 0.003375
20135unibel 0.115491 0.879282 0.005227
20149unibel 0.102202 0.895005 0.002794
20418gumhon 0.000012 0.999978 0.000010
20419gumhon 0.000012 0.999978 0.000010
20420gumhon 0.000013 0.999977 0.000010
20421ranhon 0.070927 0.929063 0.000010
20425abehon 0.053968 0.946022 0.000010
20426gumhon 0.000013 0.999977 0.000010
20427gumhon 0.000012 0.999978 0.000010
20428gumhon 0.000011 0.999979 0.000010
20429ranhon 0.061220 0.938770 0.000010
20430ranhon 0.059631 0.940359 0.000010
20433abehon 0.058112 0.941466 0.000422
20435chlhon 0.066999 0.932991 0.000010
20551puehon 0.074824 0.920487 0.004689
20552puehon 0.064112 0.933452 0.002436
20553puehon 0.072399 0.924099 0.003502
20554puehon 0.073739 0.924215 0.002046
20555puehon 0.076282 0.921077 0.002642
20556puehon 0.078875 0.919142 0.001983
20558puehon 0.072878 0.926519 0.000604
20559puehon 0.070298 0.929214 0.000488
20560unihon 0.079952 0.918558 0.001490
20561unihon 0.079353 0.920637 0.000010
20562unihon 0.094215 0.903488 0.002296
20563unihon 0.082126 0.916905 0.000969
20564unihon 0.085000 0.912972 0.002028
20565unihon 0.080301 0.917907 0.001792
20566unihon 0.079658 0.917251 0.003091
20567unihon 0.079608 0.920067 0.000324
20568unihon 0.083787 0.915957 0.000256
20571unihon 0.077656 0.920785 0.001559
20572unihon 0.085651 0.912095 0.002254
20599nighon 0.064455 0.935535 0.000010
20600nighon 0.062020 0.937970 0.000010
20601nighon 0.067075 0.932915 0.000010
20602nighon 0.059281 0.940709 0.000010
20603nighon 0.058093 0.941743 0.000165
20604nighon 0.061299 0.938691 0.000010
20605nighon 0.064895 0.935095 0.000010
20606nighon 0.063001 0.935196 0.001802
20607nighon 0.059547 0.939524 0.000928
20608nighon 0.062426 0.937564 0.000010
20609nighon 0.060921 0.939069 0.000010
20610nighon 0.063721 0.936269 0.000010
20613ranhon 0.063590 0.936400 0.000010
20615gumhon 0.000012 0.999978 0.000010
20617gumhon 0.000010 0.999980 0.000010
20625puehon 0.084783 0.911056 0.004161
20633puehon 0.084412 0.915120 0.000468
20635puehon 0.106499 0.889880 0.003621
20638puehon 0.087655 0.911019 0.001326
20641gumhon 0.000012 0.999978 0.000010
20642gumhon 0.000010 0.999980 0.000010
20643gumhon 0.000010 0.999980 0.000010
20644abehon 0.054678 0.945312 0.000010
20650prohon 0.048502 0.951488 0.000010
20696ranhon 0.113083 0.886907 0.000010
20751guthon 0.056492 0.943498 0.000010
20757indhon 0.999980 0.000010 0.000010
20759abehon 0.056811 0.943179 0.000010
20761abehon 0.058118 0.941653 0.000230
20762abehon 0.072712 0.924805 0.002483
20845prohon 0.066800 0.931812 0.001388
20846prohon 0.061908 0.936468 0.001624
20861abehon 0.058878 0.940089 0.001032
20862abehon 0.056477 0.942420 0.001103
20864abehon 0.058212 0.941574 0.000214
20866abehon 0.057565 0.940040 0.002395
20867abehon 0.054417 0.944887 0.000696
20892ranhon 0.103637 0.896353 0.000010
20893ranhon 0.132544 0.863261 0.004195
20894ranhon 0.124181 0.870023 0.005796
20896ranhon 0.097224 0.902766 0.000010
20922ranhon 0.120707 0.877845 0.001448
20923ranhon 0.124141 0.873565 0.002294
20980ranhon 0.130236 0.864611 0.005153
23301gumboc 0.000013 0.999977 0.000010
23318gutboc 0.048491 0.949995 0.001514
23322affboc 0.055070 0.944920 0.000010
27698abequi 0.084160 0.913163 0.002676
27707uniqui 0.111126 0.883768 0.005106
27709uniqui 0.107260 0.889422 0.003318
27936atltam 0.000010 0.000010 0.999980
28366gumboc 0.000010 0.999980 0.000010
28389abeboc 0.134307 0.863631 0.002062
28713puequi 0.147304 0.850800 0.001896
28939puequi 0.187252 0.812201 0.000547
29137nigqui 0.078071 0.921919 0.000010
29212indqui 0.999971 0.000019 0.000010
29213indqui 0.999980 0.000010 0.000010
30001nigqui 0.104100 0.895890 0.000010
33023nigqui 0.114757 0.883033 0.002210
52988atltam 0.000010 0.000010 0.999980
52989atltam 0.000010 0.000010 0.999980
52990atltam 0.000010 0.000010 0.999980
54649casliz 0.048718 0.816667 0.134615
54650casliz 0.051689 0.814947 0.133364
54689atlliz 0.004366 0.277417 0.718217
54761atlliz 0.003857 0.261109 0.735034
54786atlliz 0.000010 0.000010 0.999980
54849atlliz 0.000010 0.000010 0.999980
62263pueala 0.101434 0.832976 0.065590
62264pueala 0.087918 0.845464 0.066617
62515gemarc 0.068633 0.862449 0.068917
62549ecoarc 0.031665 0.420085 0.548250
62550abearc 0.056757 0.867570 0.075672
62551abearc 0.056983 0.864674 0.078343
62552abearc 0.059942 0.865040 0.075018
62553gemarc 0.086492 0.869816 0.043692
62555esparc 0.046488 0.930970 0.022542
62556ecoarc 0.032685 0.433690 0.533626
62558floarc 0.038738 0.428729 0.532533
62559floarc 0.056025 0.619940 0.324035
62560floarc 0.034256 0.422192 0.543552
62562ranarc 0.086247 0.868931 0.044822
62570gemarc 0.087721 0.871768 0.040511
62571esparc 0.035280 0.952859 0.011861
62575ranarc 0.074596 0.874530 0.050875
62576ecoarc 0.033232 0.420118 0.546651
62577puearc 0.086183 0.793846 0.119970
62585esparc 0.039536 0.948907 0.011557
62948puearc 0.079265 0.807030 0.113706
62953puearc 0.073848 0.811625 0.114526
FL0318indpri 0.999980 0.000010 0.000010
FL0324tanpri 0.018597 0.970266 0.011137
FL0331chlpri 0.016921 0.969833 0.013246
FL0835prosan 0.056129 0.943202 0.000669
FL0836gutsan 0.048726 0.946575 0.004699
FL0839abesan 0.064612 0.934480 0.000908
FL0880ransan 0.067481 0.930262 0.002257
HypoHaiti1libhai 0.160563 0.833663 0.005774
HypoHaiti2libhai 0.159320 0.836150 0.004529
HypoHaiti3libhai 0.159366 0.835130 0.005504
PL17_101maybel 0.132184 0.867806 0.000010
PL17_111indbel 0.612597 0.387393 0.000010
PL17_119maybel 0.130017 0.869973 0.000010
PL17_120maybel 0.117048 0.882942 0.000010
PL17_121maybel 0.113075 0.886915 0.000010
PL17_122maybel 0.132605 0.867385 0.000010
PL17_123maybel 0.121207 0.878783 0.000010
PL17_124maybel 0.137153 0.862837 0.000010
PL17_125ranbel 0.104596 0.895394 0.000010
PL17_126maybel 0.138303 0.861687 0.000010
PL17_134uniflk 0.088567 0.830446 0.080987
PL17_135uniflk 0.093231 0.812051 0.094717
PL17_136uniflk 0.094929 0.798990 0.106081
PL17_137uniflk 0.090505 0.820469 0.089026
PL17_138uniflk 0.083128 0.826872 0.090000
PL17_139pueflk 0.076564 0.881672 0.041764
PL17_140uniflk 0.094228 0.831051 0.074720
PL17_141uniflk 0.079394 0.839516 0.081090
PL17_142gemflk 0.102944 0.827325 0.069731
PL17_143uniflk 0.091741 0.834333 0.073926
PL17_144gemflk 0.088243 0.840678 0.071079
PL17_145gemflk 0.084231 0.847393 0.068376
PL17_148gemflk 0.091203 0.839351 0.069446
PL17_149nigflk 0.098101 0.901889 0.000010
PL17_153gemflk 0.087227 0.837779 0.074995
PL17_155pueflk 0.386910 0.554416 0.058674
PL17_157pueflk 0.075996 0.920057 0.003947
PL17_159pueflk 0.104504 0.854381 0.041115
PL17_160floflk 0.044379 0.465500 0.490121
PL17_23tanpri 0.032323 0.954464 0.013214
PL17_35indpri 0.999980 0.000010 0.000010
PL17_37chlpri 0.011436 0.975579 0.012985
PL17_38chlpri 0.019643 0.967739 0.012617
PL17_39chlpri 0.012391 0.973942 0.013667
PL17_40chlpri 0.025661 0.961251 0.013088
PL17_41chlpri 0.014608 0.970823 0.014570
PL17_42chlpri 0.018026 0.970518 0.011455
PL17_43chlpri 0.016548 0.973644 0.009808
PL17_44chlpri 0.025901 0.961510 0.012589
PL17_50puepri 0.028243 0.961054 0.010703
PL17_53puepri 0.016340 0.973060 0.010599
PL17_54puepri 0.013271 0.974646 0.012083
PL17_55unipri 0.056274 0.933951 0.009775
PL17_56tanpri 0.026333 0.959616 0.014050
PL17_57puepri 0.012779 0.974368 0.012854
PL17_60puepri 0.037270 0.948425 0.014305
PL17_62chlpri 0.012626 0.975708 0.011667
PL17_63unipri 0.055701 0.934239 0.010061
PL17_64indpri 0.999972 0.000018 0.000010
PL17_65puepri 0.028863 0.956610 0.014528
PL17_66unipri 0.054786 0.935614 0.009600
PL17_67unipri 0.069151 0.918741 0.012108
PL17_68gutpri 0.029871 0.960009 0.010120
PL17_69puepri 0.044732 0.944749 0.010519
PL17_70unipri 0.061567 0.930080 0.008353
PL17_71tanpri 0.033768 0.955536 0.010695
PL17_72tanpri 0.042252 0.944722 0.013026
PL17_73unipri 0.045472 0.944384 0.010144
PL17_74unipri 0.054007 0.934643 0.011350
PL17_75abepri 0.022428 0.968290 0.009282
PL17_76tanpri 0.038482 0.949053 0.012466
PL17_77unipri 0.056686 0.934226 0.009088
PL17_79abepri 0.014430 0.977112 0.008458
PL17_82puepri 0.028839 0.956712 0.014449
PL17_85indpri 0.999980 0.000010 0.000010
PL17_86chlpri 0.017825 0.969196 0.012979
PL17_88abebel 0.157874 0.842116 0.000010
PL17_89maybel 0.131001 0.868989 0.000010
PL17_95maybel 0.147965 0.852025 0.000010
PL17_98indbel 0.552187 0.447803 0.000010
Ross1gemare 0.082409 0.872554 0.045037
Ross2abeare 0.080451 0.859274 0.060275
Ross3pueare 0.087469 0.830972 0.081559
