13310puequi 0.074871 0.783258 0.000010 0.141861
13318uniqui 0.082005 0.711428 0.007570 0.198997
17996indbel 0.999970 0.000010 0.000010 0.000010
17997indbel 0.999970 0.000010 0.000010 0.000010
17998indbel 0.999966 0.000014 0.000010 0.000010
17999indbel 0.999970 0.000010 0.000010 0.000010
18000indbel 0.999970 0.000010 0.000010 0.000010
18151nigbel 0.057871 0.890534 0.000010 0.051585
18152puebel 0.174002 0.718729 0.000010 0.107259
18153nigbel 0.051923 0.898228 0.000010 0.049839
18154puebel 0.173229 0.710136 0.000010 0.116626
18155nigbel 0.063141 0.858618 0.002010 0.076231
18156nigbel 0.079455 0.822971 0.004032 0.093542
18157nigbel 0.059393 0.882734 0.000010 0.057863
18158nigbel 0.062936 0.884006 0.000010 0.053048
18159nigbel 0.078543 0.851053 0.000010 0.070394
18160gutbel 0.054908 0.537523 0.005717 0.401851
18161puebel 0.095944 0.779513 0.000010 0.124533
18162nigbel 0.051848 0.903288 0.000010 0.044853
18163unibel 0.070346 0.781836 0.000010 0.147808
18165nigbel 0.055900 0.886591 0.000010 0.057499
18166puebel 0.178615 0.719498 0.000010 0.101876
18169puebel 0.153674 0.731970 0.000010 0.114346
18171nigbel 0.059802 0.891755 0.000010 0.048433
18172puebel 0.197892 0.690901 0.001400 0.109807
18174puebel 0.151290 0.731310 0.000010 0.117391
18175puebel 0.181367 0.707274 0.000010 0.111349
18176puebel 0.129817 0.751065 0.000010 0.119108
18178puebel 0.189251 0.703993 0.000010 0.106746
18179puebel 0.156684 0.731842 0.000010 0.111464
18180puebel 0.126601 0.749142 0.000026 0.124230
18185nigbel 0.070158 0.848840 0.002204 0.078798
18187nigbel 0.054105 0.891587 0.000010 0.054298
18195indbel 0.999970 0.000010 0.000010 0.000010
18222indbel 0.999970 0.000010 0.000010 0.000010
18225indbel 0.999970 0.000010 0.000010 0.000010
18226indbel 0.999970 0.000010 0.000010 0.000010
18227indbel 0.999970 0.000010 0.000010 0.000010
18261unibel 0.088362 0.739912 0.002651 0.169075
18263abebel 0.125221 0.744327 0.000010 0.130442
18267unibel 0.100296 0.773109 0.000549 0.126046
18274unibel 0.161947 0.738595 0.000010 0.099448
18276unibel 0.158058 0.739342 0.000010 0.102590
18418nigboc 0.000010 0.999970 0.000010 0.000010
18419pueboc 0.067443 0.826896 0.000010 0.105652
18420uniboc 0.039660 0.822416 0.000010 0.137915
18421pueboc 0.066896 0.834717 0.000010 0.098377
18422pueboc 0.067957 0.828760 0.000010 0.103273
18424nigboc 0.000010 0.999970 0.000010 0.000010
18426pueboc 0.064467 0.827477 0.000010 0.108046
18427pueboc 0.065482 0.828350 0.000010 0.106158
18428nigboc 0.000010 0.999970 0.000010 0.000010
18429pueboc 0.072295 0.823156 0.000010 0.104539
18430pueboc 0.070769 0.821159 0.000010 0.108062
18432pueboc 0.074650 0.826183 0.000010 0.099157
18434pueboc 0.076775 0.818919 0.000010 0.104296
18435uniboc 0.039673 0.834351 0.000010 0.125966
18439uniboc 0.043273 0.825611 0.000010 0.131106
18440uniboc 0.044621 0.830649 0.000010 0.124720
18441uniboc 0.042121 0.827481 0.000010 0.130388
18442uniboc 0.036352 0.833257 0.000010 0.130382
18445uniboc 0.045547 0.817673 0.000010 0.136769
18446uniboc 0.044631 0.819374 0.000437 0.135558
18447uniboc 0.045017 0.820953 0.000010 0.134019
18448uniboc 0.037674 0.835876 0.000010 0.126440
18449gumboc 0.018878 0.000010 0.000010 0.981102
18450uniboc 0.044916 0.832129 0.000010 0.122945
18452abeboc 0.035348 0.733674 0.000010 0.230968
18454uniboc 0.037300 0.825503 0.000010 0.137188
18471abeboc 0.026200 0.728947 0.000010 0.244843
18492abebel 0.124637 0.757622 0.000010 0.117731
18493abebel 0.121895 0.745866 0.000010 0.132229
18901nigboc 0.000010 0.999970 0.000010 0.000010
18902nigboc 0.003340 0.996640 0.000010 0.000010
18903nigboc 0.000010 0.999970 0.000010 0.000010
18904nigboc 0.018511 0.981469 0.000010 0.000010
18905nigboc 0.000019 0.999961 0.000010 0.000010
18906nigboc 0.023988 0.975992 0.000010 0.000010
18907nigboc 0.007830 0.992150 0.000010 0.000010
18909nigboc 0.004426 0.995554 0.000010 0.000010
18912pueboc 0.068219 0.826018 0.000010 0.105753
18915pueboc 0.070758 0.832807 0.000010 0.096425
18917pueboc 0.076246 0.830070 0.000010 0.093674
18935affboc 0.031281 0.886563 0.000010 0.082147
18936affboc 0.021717 0.897787 0.000010 0.080486
18949abegun 0.055587 0.827872 0.000010 0.116531
18986affboc 0.041644 0.867471 0.000010 0.090875
19076gutbar 0.000010 0.551141 0.009441 0.439408
19077tanbar 0.004672 0.720319 0.011777 0.263232
19079tanbar 0.007249 0.716895 0.011319 0.264537
19080gutbar 0.003739 0.536992 0.011166 0.448103
19104puegun 0.052335 0.815477 0.000010 0.132177
19105niggun 0.083422 0.805706 0.000573 0.110299
19106puegun 0.061104 0.816897 0.000010 0.121989
19108puegun 0.067821 0.802886 0.000010 0.129282
19124indgun 0.910609 0.089371 0.000010 0.000010
19131niggun 0.070499 0.811838 0.000010 0.117653
19150niggun 0.074987 0.843085 0.000010 0.081918
19162indgun 0.983927 0.000010 0.000010 0.016053
19174affgun 0.027674 0.837495 0.000010 0.134822
19190indgun 0.907361 0.085823 0.000010 0.006806
19235gutgun 0.037951 0.469797 0.007173 0.485079
19294affgun 0.033193 0.838218 0.000010 0.128579
19416chlbar 0.000010 0.707137 0.020515 0.272337
19425chlbar 0.000010 0.681958 0.019776 0.298256
19426puebar 0.001220 0.717200 0.023295 0.258285
19427puebar 0.001060 0.724959 0.021610 0.252371
19428puebar 0.004169 0.711120 0.023008 0.261703
19435chlbar 0.000010 0.644132 0.019231 0.336627
19437tanbar 0.011514 0.715213 0.014796 0.258477
19519affgun 0.056363 0.818665 0.000010 0.124962
19546abegun 0.055164 0.826932 0.000010 0.117894
19708abegun 0.061484 0.819811 0.000010 0.118695
19881unibel 0.087021 0.745246 0.002675 0.165058
20068gutbel 0.046226 0.481748 0.006167 0.465859
20069gutbel 0.079003 0.537822 0.005745 0.377430
20092unibel 0.076016 0.771139 0.003597 0.149248
20120unibel 0.097637 0.727717 0.004923 0.169723
20126unibel 0.097189 0.732452 0.002806 0.167553
20128unibel 0.105850 0.721505 0.003263 0.169383
20135unibel 0.086838 0.738451 0.005163 0.169549
20149unibel 0.070520 0.782781 0.002196 0.144503
20418gumhon 0.000010 0.000010 0.000010 0.999970
20419gumhon 0.000010 0.000010 0.000010 0.999970
20420gumhon 0.000010 0.000010 0.000010 0.999970
20421ranhon 0.039413 0.793718 0.000010 0.166859
20425abehon 0.022789 0.775577 0.000010 0.201624
20426gumhon 0.000010 0.000010 0.000010 0.999970
20427gumhon 0.000010 0.000010 0.000010 0.999970
20428gumhon 0.000010 0.000010 0.000010 0.999970
20429ranhon 0.029221 0.799325 0.000010 0.171443
20430ranhon 0.028261 0.798157 0.000010 0.173572
20433abehon 0.027300 0.782305 0.000218 0.190178
20435chlhon 0.036169 0.777729 0.000010 0.186092
20551puehon 0.041956 0.807406 0.003982 0.146656
20552puehon 0.031602 0.816519 0.001795 0.150084
20553puehon 0.040174 0.806161 0.002921 0.150743
20554puehon 0.041505 0.804669 0.001411 0.152414
20555puehon 0.044415 0.803998 0.002013 0.149574
20556puehon 0.046323 0.807789 0.001284 0.144604
20558puehon 0.040204 0.805813 0.000017 0.153966
20559puehon 0.037649 0.809186 0.000010 0.153156
20560unihon 0.047029 0.810104 0.000758 0.142108
20561unihon 0.046708 0.804705 0.000010 0.148578
20562unihon 0.062420 0.788674 0.001702 0.147204
20563unihon 0.049495 0.804098 0.000280 0.146127
20564unihon 0.052273 0.803439 0.001280 0.143009
20565unihon 0.048079 0.797584 0.001211 0.153127
20566unihon 0.047257 0.804905 0.002376 0.145461
20567unihon 0.046951 0.808402 0.000010 0.144636
20568unihon 0.051643 0.799973 0.000010 0.148375
20571unihon 0.044800 0.808025 0.000731 0.146445
20572unihon 0.053284 0.799040 0.001644 0.146032
20599nighon 0.031369 0.807706 0.000010 0.160915
20600nighon 0.028929 0.817503 0.000010 0.153558
20601nighon 0.033224 0.816465 0.000010 0.150300
20602nighon 0.026620 0.807668 0.000010 0.165702
20603nighon 0.025901 0.812267 0.000010 0.161822
20604nighon 0.028088 0.815056 0.000010 0.156846
20605nighon 0.032313 0.800966 0.000010 0.166711
20606nighon 0.030089 0.810551 0.001224 0.158136
20607nighon 0.026853 0.816312 0.000195 0.156640
20608nighon 0.029555 0.808777 0.000010 0.161658
20609nighon 0.027159 0.818600 0.000010 0.154231
20610nighon 0.030070 0.814709 0.000010 0.155210
20613ranhon 0.031438 0.798523 0.000010 0.170029
20615gumhon 0.000010 0.000010 0.000010 0.999970
20617gumhon 0.000010 0.000010 0.000010 0.999970
20625puehon 0.055084 0.769373 0.003972 0.171572
20633puehon 0.051980 0.802237 0.000010 0.145772
20635puehon 0.075071 0.779667 0.002912 0.142350
20638puehon 0.054881 0.804370 0.000633 0.140116
20641gumhon 0.000018 0.000010 0.000010 0.999962
20642gumhon 0.000010 0.000010 0.000010 0.999970
20643gumhon 0.000010 0.000010 0.000010 0.999970
20644abehon 0.025035 0.753775 0.000010 0.221181
20650prohon 0.010920 0.891845 0.000010 0.097225
20696ranhon 0.081894 0.765752 0.000010 0.152344
20751guthon 0.041672 0.497770 0.000949 0.459609
20757indhon 0.994709 0.000010 0.000010 0.005271
20759abehon 0.029270 0.733868 0.000010 0.236852
20761abehon 0.030358 0.735553 0.000558 0.233532
20762abehon 0.047359 0.689232 0.003213 0.260196
20845prohon 0.034063 0.831470 0.000822 0.133645
20846prohon 0.028361 0.847182 0.001039 0.123419
20861abehon 0.030684 0.746292 0.001224 0.221800
20862abehon 0.024318 0.808042 0.000528 0.167111
20864abehon 0.031859 0.707462 0.000753 0.259927
20866abehon 0.030204 0.725767 0.002796 0.241233
20867abehon 0.027890 0.716125 0.001288 0.254697
20892ranhon 0.071899 0.782725 0.000010 0.145366
20893ranhon 0.105701 0.702000 0.004419 0.187881
20894ranhon 0.098281 0.686797 0.006217 0.208705
20896ranhon 0.064887 0.790802 0.000010 0.144302
20922ranhon 0.091228 0.742504 0.001233 0.165035
20923ranhon 0.098110 0.687561 0.002681 0.211648
20980ranhon 0.104286 0.689151 0.005505 0.201058
23301gumboc 0.000010 0.000010 0.000010 0.999970
23318gutboc 0.035667 0.448321 0.004029 0.511982
23322affboc 0.016614 0.887982 0.000010 0.095394
27698abequi 0.060205 0.659328 0.003533 0.276934
27707uniqui 0.083083 0.732571 0.005076 0.179270
27709uniqui 0.076879 0.765980 0.002888 0.154253
27936atltam 0.000010 0.000010 0.999970 0.000010
28366gumboc 0.000010 0.058900 0.000010 0.941080
28389abeboc 0.100199 0.782034 0.001177 0.116589
28713puequi 0.116177 0.758054 0.000985 0.124783
28939puequi 0.156373 0.726406 0.000010 0.117211
29137nigqui 0.041050 0.868007 0.000010 0.090933
29212indqui 0.999961 0.000019 0.000010 0.000010
29213indqui 0.999970 0.000010 0.000010 0.000010
30001nigqui 0.064528 0.892441 0.000010 0.043021
33023nigqui 0.079715 0.834109 0.001013 0.085163
52988atltam 0.000010 0.000010 0.999970 0.000010
52989atltam 0.000010 0.000010 0.999970 0.000010
52990atltam 0.000010 0.000013 0.999967 0.000010
54649casliz 0.023252 0.677522 0.134582 0.164645
54650casliz 0.025995 0.681021 0.133210 0.159773
54689atlliz 0.000010 0.256035 0.717999 0.025956
54761atlliz 0.000010 0.225674 0.734831 0.039485
54786atlliz 0.000014 0.000010 0.999966 0.000010
54849atlliz 0.000010 0.000010 0.999970 0.000010
62263pueala 0.072397 0.720295 0.065142 0.142166
62264pueala 0.058127 0.740602 0.066014 0.135257
62515gemarc 0.039313 0.748161 0.068592 0.143934
62549ecoarc 0.018045 0.359784 0.548031 0.074140
62550abearc 0.027695 0.742195 0.075384 0.154725
62551abearc 0.028296 0.738746 0.078109 0.154849
62552abearc 0.030577 0.743170 0.074731 0.151523
62553gemarc 0.058334 0.738565 0.043509 0.159592
62555esparc 0.018034 0.777044 0.022539 0.182383
62556ecoarc 0.018431 0.370321 0.533429 0.077819
62558floarc 0.024722 0.369621 0.532295 0.073361
62559floarc 0.034827 0.537778 0.323723 0.103671
62560floarc 0.020639 0.357660 0.543405 0.078296
62562ranarc 0.059626 0.707842 0.044999 0.187533
62570gemarc 0.059202 0.741989 0.040306 0.158503
62571esparc 0.005084 0.816457 0.011568 0.166891
62575ranarc 0.048518 0.700152 0.051167 0.200163
62576ecoarc 0.019175 0.364267 0.546422 0.070136
62577puearc 0.061227 0.658505 0.120003 0.160264
62585esparc 0.011271 0.781728 0.011702 0.195298
62948puearc 0.053091 0.682330 0.113560 0.151019
62953puearc 0.046195 0.699467 0.114190 0.140148
FL0318indpri 0.999970 0.000010 0.000010 0.000010
FL0324tanpri 0.000010 0.744330 0.011625 0.244034
FL0331chlpri 0.000010 0.770820 0.013272 0.215898
FL0835prosan 0.022435 0.850423 0.000010 0.127131
FL0836gutsan 0.034963 0.469911 0.007577 0.487549
FL0839abesan 0.035628 0.755564 0.000975 0.207832
FL0880ransan 0.041015 0.716097 0.002823 0.240065
HypoHaiti1libhai 0.126871 0.775105 0.004690 0.093334
HypoHaiti2libhai 0.125711 0.775436 0.003333 0.095519
HypoHaiti3libhai 0.125063 0.781518 0.004429 0.088990
PL17_101maybel 0.096571 0.816278 0.000010 0.087142
PL17_111indbel 0.589000 0.410980 0.000010 0.000010
PL17_119maybel 0.095509 0.798515 0.000010 0.105966
PL17_120maybel 0.081658 0.822194 0.000010 0.096137
PL17_121maybel 0.077564 0.818472 0.000010 0.103954
PL17_122maybel 0.096808 0.812261 0.000010 0.090921
PL17_123maybel 0.085912 0.816541 0.000010 0.097537
PL17_124maybel 0.102222 0.798501 0.000010 0.099268
PL17_125ranbel 0.072600 0.776876 0.000010 0.150514
PL17_126maybel 0.103732 0.797467 0.000010 0.098791
PL17_134uniflk 0.062046 0.692578 0.080927 0.164449
PL17_135uniflk 0.068628 0.661344 0.094864 0.175164
PL17_136uniflk 0.070144 0.655377 0.106197 0.168282
PL17_137uniflk 0.064867 0.674871 0.089065 0.171198
PL17_138uniflk 0.056681 0.692736 0.089910 0.160673
PL17_139pueflk 0.046193 0.760628 0.041322 0.151857
PL17_140uniflk 0.067361 0.701273 0.074564 0.156802
PL17_141uniflk 0.052153 0.705419 0.081000 0.161427
PL17_142gemflk 0.074674 0.717793 0.069451 0.138082
PL17_143uniflk 0.064939 0.697995 0.073873 0.163193
PL17_144gemflk 0.058132 0.747058 0.070655 0.124155
PL17_145gemflk 0.053542 0.755543 0.067786 0.123129
PL17_148gemflk 0.062498 0.732202 0.069093 0.136207
PL17_149nigflk 0.057780 0.890902 0.000010 0.051308
PL17_153gemflk 0.058102 0.733962 0.074584 0.133352
PL17_155pueflk 0.367096 0.478231 0.058564 0.096109
PL17_157pueflk 0.046381 0.767818 0.003891 0.181911
PL17_159pueflk 0.074265 0.750634 0.040515 0.134585
PL17_160floflk 0.029913 0.379480 0.490144 0.100463
PL17_23tanpri 0.008165 0.720836 0.014060 0.256939
PL17_35indpri 0.999961 0.000019 0.000010 0.000010
PL17_37chlpri 0.000010 0.774273 0.012895 0.212822
PL17_38chlpri 0.000010 0.766651 0.012793 0.220546
PL17_39chlpri 0.000010 0.760464 0.013754 0.225772
PL17_40chlpri 0.000137 0.745201 0.013703 0.240959
PL17_41chlpri 0.000010 0.762198 0.014647 0.223145
PL17_42chlpri 0.000010 0.775033 0.011473 0.213484
PL17_43chlpri 0.000010 0.772905 0.009885 0.217200
PL17_44chlpri 0.000010 0.770748 0.012815 0.216427
PL17_50puepri 0.001245 0.774972 0.010896 0.212888
PL17_53puepri 0.000010 0.773629 0.010673 0.215688
PL17_54puepri 0.000010 0.764682 0.012180 0.223127
PL17_55unipri 0.029202 0.753934 0.010039 0.206825
PL17_56tanpri 0.001806 0.730467 0.014817 0.252910
PL17_57puepri 0.000010 0.767319 0.012902 0.219770
PL17_60puepri 0.011730 0.733406 0.014959 0.239905
PL17_62chlpri 0.000010 0.778606 0.011543 0.209841
PL17_63unipri 0.029487 0.741257 0.010486 0.218770
PL17_64indpri 0.999970 0.000010 0.000010 0.000010
PL17_65puepri 0.003671 0.735663 0.015219 0.245447
PL17_66unipri 0.028356 0.747098 0.009965 0.214581
PL17_67unipri 0.044197 0.712147 0.012735 0.230921
PL17_68gutpri 0.011861 0.577353 0.012368 0.398418
PL17_69puepri 0.019107 0.734371 0.011071 0.235452
PL17_70unipri 0.035935 0.728222 0.008909 0.226934
PL17_71tanpri 0.009371 0.715092 0.011571 0.263966
PL17_72tanpri 0.018403 0.709629 0.013937 0.258031
PL17_73unipri 0.017852 0.767439 0.010353 0.204356
PL17_74unipri 0.027782 0.741094 0.011795 0.219329
PL17_75abepri 0.000010 0.678170 0.010639 0.311181
PL17_76tanpri 0.014678 0.714203 0.013298 0.257821
PL17_77unipri 0.030428 0.741560 0.009504 0.218509
PL17_79abepri 0.000010 0.696506 0.009331 0.294153
PL17_82puepri 0.003383 0.741539 0.015037 0.240041
PL17_85indpri 0.999965 0.000015 0.000010 0.000010
PL17_86chlpri 0.000010 0.773332 0.013014 0.213644
PL17_88abebel 0.126679 0.744006 0.000010 0.129305
PL17_89maybel 0.096362 0.805308 0.000010 0.098320
PL17_95maybel 0.113668 0.789596 0.000010 0.096726
PL17_98indbel 0.533734 0.419597 0.000010 0.046659
Ross1gemare 0.053633 0.748368 0.044857 0.153143
Ross2abeare 0.054332 0.702031 0.060408 0.183230
Ross3pueare 0.059972 0.710427 0.081257 0.148344
