13310puequi 0.523132 0.024754 0.015910 0.096913 0.046028 0.217362 0.033502 0.000010 0.008997 0.033393
13318uniqui 0.245454 0.000015 0.006461 0.315929 0.000010 0.056339 0.035103 0.000010 0.020826 0.319853
17996indbel 0.000010 0.000010 0.000010 0.000010 0.000010 0.000010 0.999910 0.000010 0.000010 0.000010
17997indbel 0.000010 0.000010 0.000010 0.000010 0.000010 0.000010 0.999910 0.000010 0.000010 0.000010
17998indbel 0.000010 0.000010 0.000010 0.000010 0.000010 0.000010 0.999910 0.000010 0.000010 0.000010
17999indbel 0.000010 0.000010 0.000010 0.000010 0.000010 0.000010 0.999910 0.000010 0.000010 0.000010
18000indbel 0.000010 0.000010 0.000010 0.000010 0.000010 0.000010 0.999910 0.000010 0.000010 0.000010
18151nigbel 0.000010 0.000010 0.000010 0.000010 0.000010 0.999910 0.000010 0.000010 0.000010 0.000010
18152puebel 0.566642 0.028620 0.005600 0.000011 0.090597 0.145046 0.130070 0.000010 0.007716 0.025689
18153nigbel 0.000010 0.000010 0.000010 0.000010 0.000010 0.999910 0.000010 0.000010 0.000010 0.000010
18154puebel 0.565761 0.009629 0.008604 0.000010 0.074123 0.153742 0.136539 0.000010 0.001063 0.050518
18155nigbel 0.000010 0.000010 0.000010 0.029390 0.000010 0.874194 0.003060 0.000010 0.000010 0.093295
18156nigbel 0.000010 0.000010 0.000010 0.075386 0.000010 0.746197 0.014488 0.000010 0.000010 0.163869
18157nigbel 0.000010 0.000015 0.000010 0.000010 0.000013 0.999902 0.000010 0.000010 0.000010 0.000010
18158nigbel 0.000010 0.000010 0.000010 0.000010 0.000010 0.999910 0.000010 0.000010 0.000010 0.000010
18159nigbel 0.000010 0.000014 0.000010 0.012578 0.000010 0.888378 0.016891 0.000010 0.000010 0.082090
18160gutbel 0.028780 0.000010 0.235666 0.328950 0.023332 0.020326 0.036930 0.000010 0.000010 0.325987
18161puebel 0.557743 0.042856 0.015479 0.023084 0.062374 0.223663 0.055460 0.000010 0.005308 0.014022
18162nigbel 0.000010 0.000018 0.000017 0.000010 0.000010 0.999895 0.000010 0.000010 0.000010 0.000010
18163unibel 0.530613 0.000010 0.010861 0.108205 0.034451 0.193695 0.036519 0.000010 0.001564 0.084073
18165nigbel 0.000010 0.000010 0.000010 0.000010 0.000010 0.999910 0.000010 0.000010 0.000010 0.000010
18166puebel 0.548826 0.014193 0.000010 0.002802 0.085062 0.168618 0.141049 0.000010 0.002192 0.037238
18169puebel 0.595253 0.006105 0.011389 0.000010 0.079935 0.193998 0.095281 0.000010 0.018010 0.000010
18171nigbel 0.000010 0.000014 0.000010 0.000010 0.000010 0.999906 0.000010 0.000010 0.000010 0.000010
18172puebel 0.518734 0.013981 0.008122 0.000010 0.065884 0.145758 0.153099 0.000010 0.007924 0.086477
18174puebel 0.589902 0.015792 0.012658 0.000010 0.103085 0.159668 0.102698 0.000010 0.008258 0.007920
18175puebel 0.563201 0.009017 0.011206 0.000010 0.073622 0.174424 0.127294 0.000010 0.017308 0.023909
18176puebel 0.567988 0.003419 0.015155 0.000010 0.073398 0.239977 0.076354 0.000010 0.014828 0.008860
18178puebel 0.566049 0.007058 0.004635 0.000010 0.082964 0.160578 0.133875 0.000010 0.017848 0.026974
18179puebel 0.571805 0.015610 0.004560 0.000010 0.088304 0.158220 0.112998 0.000010 0.007048 0.041435
18180puebel 0.580962 0.002976 0.010799 0.037227 0.071585 0.197983 0.065792 0.000010 0.025588 0.007077
18185nigbel 0.000010 0.000010 0.000010 0.014459 0.000010 0.860052 0.009768 0.000010 0.000010 0.115662
18187nigbel 0.000010 0.000010 0.000010 0.000010 0.000010 0.999910 0.000010 0.000010 0.000010 0.000010
18195indbel 0.000010 0.000010 0.000010 0.000010 0.000010 0.000010 0.999910 0.000010 0.000010 0.000010
18222indbel 0.000010 0.000010 0.000010 0.000010 0.000010 0.000010 0.999910 0.000010 0.000010 0.000010
18225indbel 0.000010 0.000010 0.000010 0.000010 0.000010 0.000010 0.999910 0.000010 0.000010 0.000010
18226indbel 0.000010 0.000010 0.000010 0.000010 0.000010 0.000010 0.999910 0.000010 0.000010 0.000010
18227indbel 0.000010 0.000010 0.000011 0.000010 0.000010 0.000010 0.999909 0.000010 0.000010 0.000010
18261unibel 0.390978 0.000010 0.008394 0.199159 0.019796 0.128522 0.046239 0.000010 0.012384 0.194508
18263abebel 0.571696 0.005400 0.022861 0.000010 0.113031 0.192651 0.077056 0.000010 0.008651 0.008634
18267unibel 0.468391 0.009612 0.010526 0.072321 0.046529 0.290876 0.059591 0.000010 0.005071 0.037072
18274unibel 0.566572 0.020708 0.000010 0.000010 0.083118 0.164258 0.113413 0.000010 0.010381 0.041521
18276unibel 0.577406 0.017124 0.000010 0.000010 0.070753 0.169381 0.110570 0.000010 0.009703 0.045033
18418nigboc 0.000010 0.999910 0.000010 0.000010 0.000010 0.000010 0.000010 0.000010 0.000010 0.000010
18419pueboc 0.692897 0.260915 0.004937 0.000010 0.004977 0.000010 0.036224 0.000010 0.000010 0.000010
18420uniboc 0.806219 0.072199 0.000010 0.067075 0.000010 0.041413 0.005802 0.000010 0.007252 0.000010
18421pueboc 0.684570 0.273653 0.000874 0.000010 0.000016 0.000010 0.040723 0.000010 0.000124 0.000010
18422pueboc 0.702452 0.254623 0.004141 0.000010 0.000010 0.000010 0.037670 0.000010 0.001065 0.000010
18424nigboc 0.000010 0.999910 0.000010 0.000010 0.000010 0.000010 0.000010 0.000010 0.000010 0.000010
18426pueboc 0.704443 0.246488 0.006141 0.000010 0.008787 0.000010 0.029752 0.000010 0.004351 0.000010
18427pueboc 0.714353 0.238979 0.004995 0.000010 0.002855 0.000010 0.034567 0.000010 0.004212 0.000010
18428nigboc 0.000010 0.999910 0.000010 0.000010 0.000010 0.000010 0.000010 0.000010 0.000010 0.000010
18429pueboc 0.694251 0.253910 0.004821 0.000010 0.004915 0.000015 0.042048 0.000010 0.000010 0.000010
18430pueboc 0.674049 0.231795 0.009597 0.004640 0.011385 0.022312 0.035775 0.000010 0.010428 0.000010
18432pueboc 0.683531 0.274284 0.001684 0.000010 0.000010 0.000010 0.040109 0.000010 0.000342 0.000010
18434pueboc 0.692518 0.261758 0.002679 0.000010 0.000010 0.000010 0.026303 0.000012 0.016689 0.000010
18435uniboc 0.816166 0.085937 0.000010 0.037692 0.000010 0.044755 0.010921 0.000010 0.000010 0.004489
18439uniboc 0.778752 0.080973 0.000010 0.067604 0.000010 0.056128 0.016494 0.000010 0.000010 0.000010
18440uniboc 0.747103 0.051353 0.000010 0.075913 0.000010 0.093286 0.009373 0.000010 0.007763 0.015179
18441uniboc 0.782504 0.066967 0.000010 0.067122 0.000010 0.056515 0.017195 0.000010 0.000010 0.009657
18442uniboc 0.817531 0.074407 0.000010 0.055315 0.000010 0.041039 0.011657 0.000010 0.000010 0.000010
18445uniboc 0.753100 0.052763 0.000010 0.088344 0.000010 0.085694 0.020049 0.000010 0.000010 0.000010
18446uniboc 0.727924 0.058905 0.000010 0.090190 0.000010 0.099564 0.018811 0.000010 0.000010 0.004565
18447uniboc 0.826936 0.082931 0.000010 0.033455 0.000010 0.022373 0.016277 0.000010 0.002508 0.015490
18448uniboc 0.789783 0.085886 0.000010 0.061593 0.000010 0.052436 0.007849 0.000010 0.002413 0.000010
18449gumboc 0.000010 0.000010 0.825528 0.065708 0.000010 0.000010 0.000010 0.000010 0.000010 0.108694
18450uniboc 0.795034 0.087088 0.000010 0.055319 0.000010 0.035992 0.018472 0.000010 0.001627 0.006438
18452abeboc 0.462468 0.008137 0.098586 0.146922 0.048318 0.195533 0.007692 0.000010 0.000019 0.032314
18454uniboc 0.793108 0.087399 0.000010 0.074417 0.000010 0.031811 0.013215 0.000010 0.000010 0.000010
18471abeboc 0.436942 0.000010 0.113777 0.158837 0.038772 0.215986 0.000010 0.000010 0.000010 0.035647
18492abebel 0.565780 0.007060 0.012495 0.000010 0.113773 0.213156 0.077087 0.000010 0.006292 0.004337
18493abebel 0.543674 0.000010 0.024298 0.000010 0.121848 0.203344 0.074177 0.000010 0.007318 0.025311
18901nigboc 0.000010 0.999910 0.000010 0.000010 0.000010 0.000010 0.000010 0.000010 0.000010 0.000010
18902nigboc 0.000010 0.999910 0.000010 0.000010 0.000010 0.000010 0.000010 0.000010 0.000010 0.000010
18903nigboc 0.000010 0.999910 0.000010 0.000010 0.000010 0.000010 0.000010 0.000010 0.000010 0.000010
18904nigboc 0.000010 0.999910 0.000010 0.000010 0.000010 0.000010 0.000010 0.000010 0.000010 0.000010
18905nigboc 0.000010 0.999910 0.000010 0.000010 0.000010 0.000010 0.000010 0.000010 0.000010 0.000010
18906nigboc 0.000010 0.999910 0.000010 0.000010 0.000010 0.000010 0.000010 0.000010 0.000010 0.000010
18907nigboc 0.000010 0.999910 0.000010 0.000010 0.000010 0.000010 0.000010 0.000010 0.000010 0.000010
18909nigboc 0.000010 0.999910 0.000010 0.000010 0.000010 0.000010 0.000010 0.000010 0.000010 0.000010
18912pueboc 0.693656 0.256520 0.004523 0.000010 0.007101 0.000010 0.034329 0.000010 0.003831 0.000010
18915pueboc 0.693450 0.260487 0.000010 0.000010 0.009239 0.000010 0.033614 0.000010 0.003159 0.000010
18917pueboc 0.681634 0.269997 0.000010 0.000010 0.006166 0.000010 0.040013 0.000010 0.002140 0.000010
18935affboc 0.317523 0.445130 0.012237 0.074150 0.096448 0.032991 0.008732 0.000010 0.000010 0.012769
18936affboc 0.394823 0.444678 0.009746 0.020749 0.114943 0.015021 0.000010 0.000010 0.000010 0.000010
18949abegun 0.645442 0.190759 0.014289 0.000010 0.061308 0.062643 0.024029 0.000010 0.001500 0.000010
18986affboc 0.356776 0.408959 0.015287 0.068377 0.100983 0.024694 0.019148 0.000010 0.000010 0.005757
19076gutbar 0.000019 0.000013 0.221699 0.621047 0.000010 0.000015 0.000010 0.000010 0.000010 0.157166
19077tanbar 0.000010 0.000011 0.000010 0.999900 0.000010 0.000010 0.000019 0.000010 0.000010 0.000010
19079tanbar 0.000010 0.000013 0.000010 0.999907 0.000010 0.000010 0.000010 0.000010 0.000010 0.000010
19080gutbar 0.000010 0.000011 0.195163 0.621858 0.000010 0.000010 0.000010 0.000010 0.000010 0.182907
19104puegun 0.655215 0.108380 0.015210 0.043097 0.011873 0.121669 0.021060 0.000010 0.002869 0.020616
19105niggun 0.433046 0.237001 0.012345 0.038074 0.053867 0.059153 0.054235 0.000016 0.000010 0.112252
19106puegun 0.607269 0.151433 0.005616 0.053365 0.010910 0.085003 0.033766 0.000010 0.001096 0.051532
19108puegun 0.660365 0.117279 0.017773 0.030718 0.017010 0.117337 0.033229 0.000010 0.006269 0.000010
19124indgun 0.070906 0.024118 0.000010 0.000010 0.000010 0.000010 0.459997 0.000010 0.444919 0.000010
19131niggun 0.580909 0.201381 0.013028 0.025945 0.051933 0.042202 0.044436 0.000010 0.000010 0.040146
19150niggun 0.248453 0.352087 0.000010 0.081151 0.027716 0.121137 0.047498 0.000010 0.001640 0.120298
19162indgun 0.000010 0.000010 0.000010 0.000010 0.000010 0.000010 0.525393 0.000010 0.449498 0.025039
19174affgun 0.596602 0.174293 0.019303 0.062101 0.136843 0.010818 0.000010 0.000010 0.000010 0.000010
19190indgun 0.096501 0.001949 0.000010 0.000010 0.000010 0.000010 0.465776 0.000010 0.435715 0.000010
19235gutgun 0.000010 0.000010 0.315027 0.325006 0.000010 0.000010 0.010639 0.000010 0.008577 0.340702
19294affgun 0.593714 0.183199 0.021742 0.027569 0.155671 0.017306 0.000768 0.000010 0.000010 0.000010
19416chlbar 0.000010 0.000013 0.000010 0.853173 0.000010 0.000010 0.000013 0.000011 0.000010 0.146740
19425chlbar 0.000010 0.000010 0.021606 0.846097 0.000010 0.000011 0.000010 0.000010 0.000010 0.132226
19426puebar 0.000010 0.000010 0.000010 0.854732 0.000010 0.000010 0.000010 0.003410 0.001904 0.139894
19427puebar 0.000010 0.000010 0.000010 0.846030 0.000010 0.000010 0.000010 0.001342 0.003264 0.149304
19428puebar 0.000010 0.000010 0.000010 0.846093 0.000010 0.000010 0.000010 0.000521 0.000010 0.153316
19435chlbar 0.000010 0.000010 0.064599 0.804933 0.000010 0.000017 0.000010 0.000010 0.000010 0.130391
19437tanbar 0.000012 0.000010 0.000010 0.999757 0.000010 0.000010 0.000157 0.000014 0.000010 0.000010
19519affgun 0.557976 0.175941 0.013400 0.048271 0.088904 0.046434 0.026517 0.000010 0.001632 0.040915
19546abegun 0.630452 0.189508 0.007638 0.033217 0.066870 0.045360 0.026138 0.000797 0.000010 0.000010
19708abegun 0.667868 0.177628 0.014695 0.000010 0.053118 0.055004 0.031646 0.000010 0.000010 0.000010
19881unibel 0.398154 0.000010 0.009808 0.196326 0.012436 0.150233 0.052791 0.000010 0.005695 0.174537
20068gutbel 0.000010 0.000010 0.300266 0.351135 0.000010 0.004951 0.022720 0.000010 0.008707 0.312181
20069gutbel 0.046334 0.000010 0.213879 0.296098 0.025472 0.040204 0.054587 0.000010 0.003499 0.319908
20092unibel 0.517588 0.000010 0.005545 0.129191 0.012809 0.183879 0.045756 0.000010 0.000010 0.105202
20120unibel 0.381965 0.000010 0.014849 0.195324 0.014874 0.164152 0.056070 0.000010 0.012175 0.160570
20126unibel 0.357103 0.000010 0.014725 0.185873 0.030803 0.176186 0.054511 0.000010 0.010927 0.169853
20128unibel 0.415514 0.000010 0.017683 0.169832 0.011563 0.135913 0.075913 0.000010 0.000372 0.173189
20135unibel 0.403792 0.000010 0.015577 0.186556 0.008443 0.157034 0.050166 0.000010 0.007998 0.170416
20149unibel 0.566621 0.000010 0.005447 0.117929 0.026150 0.182111 0.038454 0.000010 0.001045 0.062222
20418gumhon 0.000010 0.000010 0.999910 0.000010 0.000010 0.000010 0.000010 0.000010 0.000010 0.000010
20419gumhon 0.000010 0.000010 0.999910 0.000010 0.000010 0.000010 0.000010 0.000010 0.000010 0.000010
20420gumhon 0.000010 0.000010 0.999910 0.000010 0.000010 0.000010 0.000010 0.000010 0.000010 0.000010
20421ranhon 0.531225 0.043994 0.046084 0.074087 0.135427 0.166113 0.001431 0.000010 0.001619 0.000010
20425abehon 0.477318 0.048915 0.092116 0.068514 0.048528 0.264570 0.000010 0.000010 0.000010 0.000010
20426gumhon 0.000010 0.000010 0.999910 0.000010 0.000010 0.000010 0.000010 0.000010 0.000010 0.000010
20427gumhon 0.000010 0.000010 0.999910 0.000010 0.000010 0.000010 0.000010 0.000010 0.000010 0.000010
20428gumhon 0.000010 0.000010 0.999910 0.000010 0.000010 0.000010 0.000010 0.000010 0.000010 0.000010
20429ranhon 0.555872 0.045286 0.051544 0.053985 0.120482 0.160317 0.000010 0.000010 0.000010 0.012483
20430ranhon 0.547648 0.039810 0.049067 0.078367 0.124251 0.160818 0.000010 0.000010 0.000010 0.000010
20433abehon 0.476728 0.053570 0.073130 0.088260 0.054854 0.218679 0.000010 0.000010 0.000010 0.034749
20435chlhon 0.420440 0.059306 0.084498 0.067566 0.061190 0.302706 0.000010 0.000010 0.004264 0.000010
20551puehon 0.537573 0.022560 0.017592 0.073634 0.026190 0.219134 0.009160 0.000010 0.000010 0.094136
20552puehon 0.471715 0.050946 0.023521 0.129906 0.035243 0.254829 0.000015 0.000010 0.001822 0.031993
20553puehon 0.472951 0.061056 0.027375 0.120036 0.029314 0.244913 0.000010 0.000824 0.013772 0.029749
20554puehon 0.525803 0.029527 0.024778 0.092827 0.037759 0.223645 0.007413 0.000010 0.001273 0.056963
20555puehon 0.514201 0.040148 0.027486 0.086736 0.027289 0.247951 0.001617 0.000010 0.011147 0.043416
20556puehon 0.489276 0.067467 0.023049 0.106121 0.023591 0.233703 0.005548 0.000010 0.010486 0.040749
20558puehon 0.548749 0.055554 0.024343 0.103869 0.030734 0.173555 0.005733 0.000010 0.004677 0.052777
20559puehon 0.508272 0.061589 0.032313 0.092420 0.038994 0.223718 0.006497 0.000010 0.000010 0.036176
20560unihon 0.677661 0.020214 0.012110 0.049604 0.030007 0.169736 0.013562 0.000010 0.001544 0.025553
20561unihon 0.655212 0.025387 0.018301 0.064183 0.023417 0.159450 0.013858 0.000010 0.001169 0.039013
20562unihon 0.648424 0.026982 0.018500 0.053893 0.007308 0.169675 0.024007 0.000010 0.008362 0.042839
20563unihon 0.624842 0.027075 0.017006 0.064528 0.040773 0.170765 0.014251 0.000010 0.003512 0.037240
20564unihon 0.655072 0.040622 0.013833 0.053346 0.015657 0.148912 0.016609 0.000010 0.005247 0.050692
20565unihon 0.611105 0.035420 0.026885 0.082639 0.023147 0.175277 0.020088 0.000010 0.000010 0.025419
20566unihon 0.636298 0.021465 0.016968 0.059794 0.026462 0.186570 0.015484 0.000037 0.000010 0.036912
20567unihon 0.644826 0.036179 0.015586 0.059883 0.027886 0.156393 0.013262 0.000010 0.002418 0.043557
20568unihon 0.637744 0.016145 0.021587 0.061419 0.029515 0.190634 0.012725 0.000010 0.007007 0.023213
20571unihon 0.646430 0.016126 0.018187 0.053747 0.038988 0.187309 0.009797 0.000010 0.001846 0.027560
20572unihon 0.655555 0.012524 0.014888 0.066684 0.020990 0.180873 0.018806 0.000010 0.003068 0.026603
20599nighon 0.420706 0.079710 0.056837 0.080288 0.048625 0.311959 0.000010 0.000010 0.001846 0.000010
20600nighon 0.427712 0.081363 0.052107 0.065226 0.053030 0.320522 0.000010 0.000010 0.000010 0.000010
20601nighon 0.418524 0.069009 0.050290 0.049238 0.060273 0.343708 0.000010 0.000010 0.000010 0.008928
20602nighon 0.402207 0.071658 0.064118 0.069008 0.065177 0.327793 0.000010 0.000010 0.000010 0.000010
20603nighon 0.425145 0.053251 0.052282 0.082789 0.070946 0.306651 0.000010 0.000010 0.000010 0.008905
20604nighon 0.422441 0.064444 0.053147 0.064111 0.070322 0.324901 0.000010 0.000010 0.000010 0.000605
20605nighon 0.404026 0.050885 0.060901 0.075858 0.065241 0.333418 0.000010 0.000010 0.000253 0.009398
20606nighon 0.420946 0.073428 0.053803 0.069677 0.072331 0.308016 0.000010 0.001768 0.000010 0.000010
20607nighon 0.446520 0.071683 0.052956 0.059455 0.061923 0.306795 0.000010 0.000639 0.000010 0.000010
20608nighon 0.426506 0.067730 0.061956 0.049251 0.070482 0.324035 0.000010 0.000010 0.000010 0.000010
20609nighon 0.441090 0.079295 0.053500 0.048931 0.057313 0.319824 0.000010 0.000017 0.000010 0.000010
20610nighon 0.425598 0.084499 0.051075 0.080066 0.052821 0.305875 0.000010 0.000010 0.000037 0.000010
20613ranhon 0.546520 0.049611 0.052267 0.067540 0.103662 0.178553 0.000010 0.000010 0.001819 0.000010
20615gumhon 0.000010 0.000010 0.999910 0.000010 0.000010 0.000010 0.000010 0.000010 0.000010 0.000010
20617gumhon 0.000010 0.000010 0.999910 0.000010 0.000010 0.000010 0.000010 0.000010 0.000010 0.000010
20625puehon 0.324996 0.047646 0.020072 0.214159 0.013480 0.176502 0.015179 0.000010 0.011308 0.176648
20633puehon 0.578324 0.027660 0.020999 0.067654 0.018655 0.228045 0.016906 0.000010 0.002413 0.039334
20635puehon 0.576601 0.008993 0.019036 0.043690 0.021404 0.223922 0.035733 0.000010 0.005184 0.065426
20638puehon 0.526800 0.057766 0.018562 0.073079 0.015757 0.221424 0.016457 0.000010 0.006714 0.063431
20641gumhon 0.000010 0.000010 0.999910 0.000010 0.000010 0.000010 0.000010 0.000010 0.000010 0.000010
20642gumhon 0.000010 0.000010 0.999910 0.000010 0.000010 0.000010 0.000010 0.000010 0.000010 0.000010
20643gumhon 0.000010 0.000010 0.999910 0.000010 0.000010 0.000010 0.000010 0.000010 0.000010 0.000010
20644abehon 0.462368 0.045859 0.112778 0.062090 0.061165 0.229444 0.000012 0.000010 0.000010 0.026265
20650prohon 0.152425 0.109558 0.010813 0.106242 0.000010 0.620912 0.000010 0.000010 0.000010 0.000010
20696ranhon 0.452456 0.000010 0.037705 0.025897 0.284494 0.166272 0.023200 0.000010 0.009946 0.000010
20751guthon 0.127705 0.000010 0.315808 0.250927 0.001208 0.043349 0.014910 0.000010 0.009461 0.236612
20757indhon 0.000010 0.000010 0.000010 0.000010 0.000010 0.000010 0.531997 0.000010 0.453854 0.014079
20759abehon 0.455338 0.006811 0.103259 0.155285 0.046333 0.194410 0.000010 0.000010 0.003382 0.035163
20761abehon 0.450511 0.005775 0.098715 0.163370 0.053941 0.187719 0.000010 0.000010 0.004587 0.035363
20762abehon 0.292135 0.000010 0.106349 0.230634 0.043236 0.125388 0.013518 0.000010 0.007642 0.181078
20845prohon 0.000010 0.075870 0.012523 0.230660 0.000010 0.549154 0.000016 0.000010 0.006729 0.125018
20846prohon 0.000010 0.088095 0.007639 0.219827 0.000010 0.559373 0.000010 0.000010 0.001150 0.123876
20861abehon 0.444362 0.005034 0.085667 0.168895 0.053529 0.202915 0.000010 0.000010 0.004644 0.034933
20862abehon 0.527311 0.048495 0.041935 0.103206 0.050790 0.202081 0.000010 0.000010 0.000010 0.026153
20864abehon 0.443226 0.004339 0.129130 0.148841 0.047262 0.175469 0.001057 0.000010 0.004011 0.046655
20866abehon 0.450669 0.004077 0.107617 0.139207 0.036327 0.176719 0.000010 0.000010 0.005050 0.080315
20867abehon 0.448828 0.000010 0.120144 0.149969 0.054789 0.179710 0.000010 0.000010 0.002134 0.044395
20892ranhon 0.437935 0.019296 0.035804 0.034319 0.250867 0.195213 0.026536 0.000010 0.000010 0.000010
20893ranhon 0.121377 0.000010 0.023277 0.241040 0.120213 0.135286 0.062855 0.000010 0.005267 0.290665
20894ranhon 0.115979 0.000010 0.041866 0.241934 0.168142 0.073438 0.049641 0.000010 0.009526 0.299454
20896ranhon 0.434570 0.023558 0.030181 0.042578 0.257424 0.179387 0.017512 0.000010 0.000632 0.014149
20922ranhon 0.283983 0.000010 0.024137 0.156867 0.158783 0.165075 0.037100 0.000010 0.013961 0.160073
20923ranhon 0.121822 0.000010 0.047879 0.234500 0.184782 0.074030 0.047602 0.000010 0.010577 0.278787
20980ranhon 0.102565 0.000010 0.035717 0.254857 0.163132 0.084386 0.050360 0.000010 0.016130 0.292834
23301gumboc 0.000010 0.000010 0.999910 0.000010 0.000010 0.000010 0.000010 0.000010 0.000010 0.000010
23318gutboc 0.000010 0.000011 0.344743 0.336459 0.000010 0.000010 0.014683 0.000010 0.003591 0.300474
23322affboc 0.393472 0.427733 0.021263 0.044945 0.111100 0.001447 0.000010 0.000010 0.000010 0.000010
27698abequi 0.282230 0.008289 0.131190 0.201905 0.076026 0.095451 0.019223 0.000010 0.013009 0.172667
27707uniqui 0.401047 0.000010 0.017729 0.200509 0.001048 0.132675 0.050249 0.000010 0.004707 0.192015
27709uniqui 0.485922 0.000011 0.015400 0.117950 0.025863 0.205843 0.025199 0.000010 0.018665 0.105137
27936atltam 0.000010 0.000010 0.000010 0.000010 0.000010 0.000010 0.000010 0.999910 0.000010 0.000010
28366gumboc 0.065423 0.000010 0.912596 0.000010 0.000010 0.021911 0.000010 0.000010 0.000010 0.000010
28389abeboc 0.581801 0.239722 0.015927 0.013604 0.000010 0.000011 0.076953 0.000010 0.000010 0.071952
28713puequi 0.547124 0.000010 0.013595 0.018191 0.059055 0.237872 0.066531 0.000010 0.011931 0.045681
28939puequi 0.561596 0.015616 0.010566 0.000010 0.078653 0.167553 0.106904 0.000010 0.012188 0.046904
29137nigqui 0.212456 0.068424 0.007417 0.065371 0.019887 0.610471 0.000010 0.000010 0.004063 0.011890
29212indqui 0.000010 0.000010 0.000010 0.000010 0.000010 0.000010 0.999910 0.000010 0.000010 0.000010
29213indqui 0.000010 0.000010 0.000010 0.000010 0.000010 0.000010 0.999910 0.000010 0.000010 0.000010
30001nigqui 0.000010 0.000010 0.000010 0.000010 0.000010 0.999910 0.000010 0.000010 0.000010 0.000010
33023nigqui 0.000010 0.000010 0.000010 0.035081 0.000010 0.819781 0.020279 0.000010 0.000010 0.124799
52988atltam 0.000010 0.000010 0.000010 0.000011 0.000010 0.000010 0.000010 0.999909 0.000010 0.000010
52989atltam 0.000010 0.000010 0.000010 0.000010 0.000010 0.000010 0.000010 0.999910 0.000010 0.000010
52990atltam 0.000010 0.000010 0.000010 0.000010 0.000010 0.000010 0.000010 0.999910 0.000010 0.000010
54649casliz 0.394781 0.000010 0.009446 0.031035 0.000010 0.000010 0.000010 0.111172 0.000010 0.453517
54650casliz 0.404524 0.000010 0.009487 0.029409 0.006561 0.000010 0.000010 0.111443 0.000010 0.438536
54689atlliz 0.235259 0.017699 0.000010 0.000010 0.031883 0.000010 0.000010 0.715098 0.000010 0.000010
54761atlliz 0.177808 0.000010 0.000010 0.000010 0.016726 0.000010 0.000010 0.725755 0.000010 0.079652
54786atlliz 0.000014 0.000010 0.000010 0.000010 0.000010 0.000010 0.000010 0.999906 0.000010 0.000010
54849atlliz 0.000010 0.000010 0.000010 0.000010 0.000010 0.000010 0.000010 0.999910 0.000010 0.000010
62263pueala 0.470909 0.001381 0.022149 0.000010 0.049999 0.097462 0.028939 0.052684 0.004081 0.272385
62264pueala 0.512936 0.024297 0.014552 0.000010 0.043067 0.071849 0.020748 0.054377 0.000010 0.258155
62515gemarc 0.151031 0.026640 0.000010 0.060706 0.031712 0.077888 0.000010 0.040992 0.000010 0.611001
62549ecoarc 0.000010 0.000010 0.000010 0.000010 0.000010 0.000010 0.000010 0.519182 0.000010 0.480738
62550abearc 0.346224 0.006619 0.014557 0.033196 0.046238 0.039930 0.000010 0.053776 0.000010 0.459439
62551abearc 0.347204 0.004165 0.017277 0.034175 0.031713 0.074793 0.000010 0.057191 0.000010 0.433462
62552abearc 0.363659 0.021679 0.016428 0.034123 0.024408 0.048341 0.000010 0.054186 0.000010 0.437156
62553gemarc 0.000010 0.004973 0.000010 0.075495 0.000010 0.062341 0.005889 0.005295 0.000010 0.845966
62555esparc 0.464882 0.000010 0.000010 0.113631 0.000010 0.000010 0.000010 0.000010 0.000010 0.421418
62556ecoarc 0.000010 0.000015 0.000010 0.000014 0.000013 0.000010 0.000010 0.505152 0.000010 0.494756
62558floarc 0.000010 0.000010 0.000010 0.000010 0.000011 0.000010 0.000010 0.501996 0.000010 0.497923
62559floarc 0.187971 0.014660 0.002395 0.003269 0.014848 0.009163 0.004812 0.299865 0.000010 0.463006
62560floarc 0.000010 0.000010 0.000011 0.000010 0.000010 0.000010 0.000010 0.513622 0.000010 0.486297
62562ranarc 0.175117 0.000010 0.014360 0.127405 0.052193 0.000010 0.008757 0.016563 0.008637 0.596948
62570gemarc 0.000010 0.029436 0.000010 0.091849 0.000010 0.043580 0.000010 0.003102 0.008975 0.823018
62571esparc 0.633164 0.000010 0.000010 0.061588 0.000010 0.000010 0.000010 0.000010 0.000010 0.305177
62575ranarc 0.146951 0.000010 0.025017 0.125502 0.050506 0.000010 0.004314 0.021320 0.000010 0.626360
62576ecoarc 0.000012 0.000016 0.000010 0.000010 0.000010 0.000014 0.000010 0.518335 0.000010 0.481573
62577puearc 0.186940 0.000010 0.007955 0.133709 0.002610 0.000010 0.028024 0.094250 0.000555 0.545936
62585esparc 0.470255 0.000010 0.000010 0.144185 0.000010 0.000010 0.000010 0.000010 0.000010 0.385490
62948puearc 0.257115 0.005013 0.007301 0.085403 0.002641 0.039308 0.018449 0.089976 0.000010 0.494785
62953puearc 0.329535 0.017396 0.009344 0.037165 0.025551 0.048564 0.010208 0.094517 0.000010 0.427711
FL0318indpri 0.000010 0.000010 0.000010 0.000010 0.000010 0.000010 0.000010 0.000011 0.999909 0.000010
FL0324tanpri 0.064258 0.005847 0.000010 0.876640 0.033388 0.019816 0.000010 0.000010 0.000010 0.000010
FL0331chlpri 0.236069 0.000010 0.000010 0.701339 0.020794 0.037884 0.000010 0.003864 0.000010 0.000010
FL0835prosan 0.000010 0.101117 0.013017 0.205215 0.000010 0.570182 0.000010 0.000010 0.000010 0.110419
FL0836gutsan 0.000010 0.000011 0.312767 0.342608 0.000010 0.000010 0.012156 0.000010 0.004327 0.328092
FL0839abesan 0.468387 0.012282 0.075103 0.130005 0.033246 0.198791 0.001227 0.000010 0.005161 0.075790
FL0880ransan 0.332047 0.000010 0.079116 0.238433 0.054128 0.118963 0.006983 0.000010 0.006630 0.163680
HypoHaiti1libhai 0.751008 0.072632 0.000010 0.000010 0.028350 0.043207 0.072659 0.003882 0.022752 0.005491
HypoHaiti2libhai 0.751669 0.085560 0.000010 0.000010 0.026208 0.021484 0.081709 0.002772 0.013701 0.016877
HypoHaiti3libhai 0.740134 0.074417 0.000010 0.000010 0.032007 0.036168 0.078443 0.003393 0.014651 0.020766
PL17_101maybel 0.000010 0.000010 0.000010 0.000010 0.999910 0.000010 0.000010 0.000010 0.000010 0.000010
PL17_111indbel 0.000010 0.000010 0.000010 0.000010 0.000010 0.448433 0.551487 0.000010 0.000010 0.000010
PL17_119maybel 0.000010 0.000010 0.000010 0.000010 0.999910 0.000010 0.000010 0.000010 0.000010 0.000010
PL17_120maybel 0.000010 0.000010 0.000010 0.000010 0.999910 0.000010 0.000010 0.000010 0.000010 0.000010
PL17_121maybel 0.000010 0.000010 0.000010 0.000010 0.999910 0.000010 0.000010 0.000010 0.000010 0.000010
PL17_122maybel 0.000010 0.000010 0.000010 0.000010 0.999910 0.000010 0.000010 0.000010 0.000010 0.000010
PL17_123maybel 0.000010 0.000010 0.000010 0.000010 0.999910 0.000010 0.000010 0.000010 0.000010 0.000010
PL17_124maybel 0.000010 0.000010 0.000010 0.000010 0.999910 0.000010 0.000010 0.000010 0.000010 0.000010
PL17_125ranbel 0.436832 0.000010 0.039774 0.018293 0.315275 0.168756 0.018396 0.000010 0.002644 0.000010
PL17_126maybel 0.000010 0.000010 0.000010 0.000010 0.999910 0.000010 0.000010 0.000010 0.000010 0.000010
PL17_134uniflk 0.420989 0.000010 0.009613 0.120549 0.000010 0.016501 0.026115 0.064092 0.004860 0.337261
PL17_135uniflk 0.285273 0.000010 0.006304 0.168799 0.000010 0.000010 0.037413 0.073034 0.000010 0.429138
PL17_136uniflk 0.276168 0.000010 0.006011 0.158346 0.000010 0.000010 0.030835 0.082945 0.006640 0.439025
PL17_137uniflk 0.382941 0.000010 0.021001 0.127644 0.001166 0.034425 0.035465 0.072668 0.000010 0.324669
PL17_138uniflk 0.376320 0.000010 0.010841 0.125115 0.022676 0.034578 0.018045 0.073089 0.007479 0.331849
PL17_139pueflk 0.504111 0.032766 0.023889 0.089818 0.024651 0.147497 0.010730 0.035190 0.005092 0.126257
PL17_140uniflk 0.399730 0.000010 0.002800 0.128965 0.000010 0.041552 0.025147 0.057344 0.010838 0.333603
PL17_141uniflk 0.410745 0.000010 0.009473 0.120302 0.004221 0.042655 0.018525 0.064289 0.003016 0.326765
PL17_142gemflk 0.000010 0.000010 0.000010 0.000010 0.000010 0.000010 0.000010 0.018505 0.000010 0.981415
PL17_143uniflk 0.383878 0.000010 0.009366 0.141171 0.002742 0.047826 0.026586 0.057131 0.008015 0.323275
PL17_144gemflk 0.000015 0.028239 0.000010 0.000010 0.000010 0.065138 0.000010 0.028673 0.000010 0.877884
PL17_145gemflk 0.000010 0.056742 0.000010 0.000010 0.004248 0.063565 0.000010 0.028232 0.000010 0.847163
PL17_148gemflk 0.000010 0.000010 0.000010 0.000010 0.000010 0.000010 0.000010 0.019378 0.000010 0.980542
PL17_149nigflk 0.000010 0.000010 0.000010 0.000010 0.000010 0.999909 0.000010 0.000010 0.000011 0.000010
PL17_153gemflk 0.000010 0.000010 0.000010 0.000010 0.000010 0.000010 0.000010 0.024857 0.000010 0.975063
PL17_155pueflk 0.249799 0.000010 0.000010 0.000010 0.028914 0.000010 0.270898 0.042017 0.061547 0.346786
PL17_157pueflk 0.312947 0.040041 0.027459 0.227371 0.009194 0.187594 0.003854 0.000010 0.014135 0.177395
PL17_159pueflk 0.514736 0.020236 0.008459 0.071916 0.046300 0.135502 0.033772 0.034359 0.008180 0.126539
PL17_160floflk 0.149991 0.005125 0.021002 0.051921 0.006976 0.041054 0.010397 0.474196 0.000010 0.239328
PL17_23tanpri 0.063403 0.000010 0.010909 0.827607 0.009023 0.000010 0.004675 0.000010 0.006344 0.078009
PL17_35indpri 0.000010 0.000010 0.000010 0.000010 0.000011 0.000010 0.000010 0.000010 0.999909 0.000010
PL17_37chlpri 0.257416 0.008935 0.000010 0.695385 0.006936 0.028638 0.000010 0.002651 0.000010 0.000010
PL17_38chlpri 0.238674 0.000010 0.000010 0.709007 0.005593 0.044757 0.000010 0.001919 0.000010 0.000010
PL17_39chlpri 0.224889 0.010545 0.007156 0.707209 0.007347 0.038862 0.000010 0.003962 0.000010 0.000010
PL17_40chlpri 0.115793 0.000010 0.003316 0.765120 0.010732 0.045392 0.000645 0.000132 0.000010 0.058850
PL17_41chlpri 0.238166 0.011724 0.004459 0.693084 0.008693 0.039389 0.000010 0.004454 0.000010 0.000010
PL17_42chlpri 0.251716 0.004976 0.000010 0.662322 0.020915 0.058680 0.000010 0.001350 0.000010 0.000010
PL17_43chlpri 0.234554 0.005047 0.000010 0.702250 0.022419 0.035680 0.000010 0.000010 0.000010 0.000010
PL17_44chlpri 0.247337 0.017568 0.000010 0.703878 0.005034 0.022513 0.000010 0.002469 0.001172 0.000010
PL17_50puepri 0.294398 0.000010 0.000010 0.641149 0.000651 0.062073 0.000010 0.001679 0.000010 0.000010
PL17_53puepri 0.210868 0.002497 0.000010 0.702372 0.024239 0.058487 0.000010 0.001497 0.000010 0.000010
PL17_54puepri 0.235735 0.008849 0.000010 0.713094 0.003112 0.036978 0.000010 0.002192 0.000010 0.000010
PL17_55unipri 0.304346 0.000010 0.000010 0.494957 0.000010 0.050141 0.007449 0.000010 0.008223 0.134842
PL17_56tanpri 0.052468 0.008004 0.001120 0.861557 0.023576 0.006614 0.004050 0.001185 0.001808 0.039618
PL17_57puepri 0.243238 0.000010 0.000010 0.711017 0.018244 0.024417 0.000010 0.003033 0.000010 0.000010
PL17_60puepri 0.151490 0.000010 0.008530 0.662788 0.006181 0.009660 0.000010 0.000010 0.007498 0.153822
PL17_62chlpri 0.241123 0.003911 0.000010 0.708162 0.008144 0.037117 0.000010 0.001502 0.000010 0.000010
PL17_63unipri 0.272979 0.000010 0.000013 0.522243 0.000010 0.004861 0.007393 0.000010 0.008867 0.183614
PL17_64indpri 0.000010 0.000010 0.000010 0.000010 0.000010 0.000010 0.000010 0.000010 0.999910 0.000010
PL17_65puepri 0.158971 0.000016 0.003486 0.703365 0.000010 0.000010 0.000010 0.000010 0.001334 0.132788
PL17_66unipri 0.266382 0.000010 0.000010 0.519630 0.000010 0.005631 0.015353 0.000010 0.000010 0.192954
PL17_67unipri 0.143909 0.000010 0.000019 0.551898 0.000010 0.000012 0.021782 0.000010 0.007413 0.274937
PL17_68gutpri 0.000010 0.000011 0.158243 0.629631 0.000012 0.000015 0.000011 0.000010 0.000553 0.211503
PL17_69puepri 0.185891 0.000010 0.015495 0.597792 0.000010 0.040965 0.007129 0.000010 0.003665 0.149033
PL17_70unipri 0.229922 0.000010 0.005420 0.531379 0.000010 0.011873 0.021069 0.000010 0.002378 0.197929
PL17_71tanpri 0.000010 0.000010 0.011479 0.800660 0.023447 0.000016 0.009473 0.000010 0.000010 0.154884
PL17_72tanpri 0.000010 0.000010 0.000526 0.811390 0.000010 0.000010 0.010294 0.000010 0.003769 0.173971
PL17_73unipri 0.354906 0.000010 0.000010 0.492311 0.000010 0.042023 0.000010 0.000010 0.006185 0.104526
PL17_74unipri 0.242084 0.000010 0.000010 0.546383 0.000010 0.014553 0.005535 0.000010 0.009504 0.181901
PL17_75abepri 0.218905 0.000010 0.109753 0.590417 0.017648 0.030563 0.000010 0.001537 0.000010 0.031148
PL17_76tanpri 0.000010 0.000010 0.000010 0.829009 0.010693 0.000010 0.015516 0.000010 0.000010 0.144723
PL17_77unipri 0.265678 0.000010 0.003516 0.516304 0.000010 0.025952 0.017573 0.000010 0.000679 0.170269
PL17_79abepri 0.220212 0.000010 0.087366 0.614831 0.000854 0.043956 0.000010 0.000010 0.000010 0.032741
PL17_82puepri 0.176204 0.000010 0.000010 0.707497 0.000010 0.000010 0.000010 0.000010 0.001318 0.114921
PL17_85indpri 0.000010 0.000010 0.000010 0.000010 0.000010 0.000010 0.000010 0.000010 0.999910 0.000010
PL17_86chlpri 0.243355 0.000010 0.000010 0.669507 0.020778 0.062456 0.000010 0.003854 0.000010 0.000010
PL17_88abebel 0.561875 0.013484 0.025393 0.000010 0.115595 0.187875 0.086646 0.000010 0.000010 0.009101
PL17_89maybel 0.000010 0.000010 0.000010 0.000010 0.999910 0.000010 0.000010 0.000010 0.000010 0.000010
PL17_95maybel 0.000010 0.000010 0.000010 0.000010 0.999910 0.000010 0.000010 0.000010 0.000010 0.000010
PL17_98indbel 0.000010 0.000010 0.000010 0.025749 0.000010 0.380556 0.500236 0.000010 0.004857 0.088551
Ross1gemare 0.000010 0.019179 0.000010 0.038830 0.000010 0.029849 0.000010 0.002110 0.000010 0.909982
Ross2abeare 0.166160 0.004973 0.019868 0.156414 0.009643 0.000010 0.018474 0.033046 0.000010 0.591403
Ross3pueare 0.292886 0.000010 0.000530 0.097893 0.010291 0.054677 0.018244 0.058562 0.004275 0.462632
